   0.0000000000000000       0.56482309992537993     
  1.00000000000000002E-002  0.65294875428639410     
  2.00000000000000004E-002  0.73525118723542848     
  2.99999999999999989E-002  0.81118686007823015     
  4.00000000000000008E-002  0.88028856133701561     
  5.00000000000000028E-002  0.94220263732771825     
  6.00000000000000047E-002  0.99671873459156934     
  7.00000000000000067E-002   1.0437890043044999     
  8.00000000000000017E-002   1.0835349022393697     
  8.99999999999999967E-002   1.1162412176380825     
  9.99999999999999917E-002   1.1423384971650594     
  0.10999999999999999        1.1623763127034255     
  0.11999999999999998        1.1769906453330528     
  0.12999999999999998        1.1868689328043438     
  0.13999999999999999        1.1927160875202278     
  0.14999999999999999        1.1952241623357966     
  0.16000000000000000        1.1950474936208375     
  0.17000000000000001        1.1927842554667816     
  0.18000000000000002        1.1889645521674477     
  0.19000000000000003        1.1840445447389134     
  0.20000000000000004        1.1784056871826065     
  0.21000000000000005        1.1723579341016823     
  0.22000000000000006        1.1661457404934132     
  0.23000000000000007        1.1599557610476170     
  0.24000000000000007        1.1539253220391348     
  0.25000000000000006        1.1481509414309341     
  0.26000000000000006        1.1426963791544573     
  0.27000000000000007        1.1375998873601074     
  0.28000000000000008        1.1328804871228342     
  0.29000000000000009        1.1285432188560858     
  0.30000000000000010        1.1245833993037058     
  0.31000000000000011        1.1209899726415100     
  0.32000000000000012        1.1177480727944122     
  0.33000000000000013        1.1148409248086943     
  0.34000000000000014        1.1122512108097222     
  0.35000000000000014        1.1099620156185761     
  0.36000000000000015        1.1079574523228968     
  0.37000000000000016        1.1062230517754055     
  0.38000000000000017        1.1047459839865328     
  0.39000000000000018        1.1035151648020776     
  0.40000000000000019        1.1025212886715621     
  0.41000000000000020        1.1017568178853139     
  0.42000000000000021        1.1012159503015133     
  0.43000000000000022        1.1008945810615125     
  0.44000000000000022        1.1007902687892699     
  0.45000000000000023        1.1009022129456563     
  0.46000000000000024        1.1012312460144440     
  0.47000000000000025        1.1017798416955191     
  0.48000000000000026        1.1025521379420957     
  0.49000000000000027        1.1035539711760267     
  0.50000000000000022        1.1047929150180593     
  0.51000000000000023        1.1062783130391143     
  0.52000000000000024        1.1080212900269075     
  0.53000000000000025        1.1100347197252458     
  0.54000000000000026        1.1123331186258543     
  0.55000000000000027        1.1149324249361552     
  0.56000000000000028        1.1178496092223889     
  0.57000000000000028        1.1211020486022230     
  0.58000000000000029        1.1247065802932026     
  0.59000000000000030        1.1286781339315572     
  0.60000000000000031        1.1330278272230700     
  0.61000000000000032        1.1377603989600193     
  0.62000000000000033        1.1428708510747163     
  0.63000000000000034        1.1483401821146151     
  0.64000000000000035        1.1541301241365942     
  0.65000000000000036        1.1601768498025746     
  0.66000000000000036        1.1663837023075831     
  0.67000000000000037        1.1726131219033487     
  0.68000000000000038        1.1786780999769630     
  0.69000000000000039        1.1843336801058884     
  0.70000000000000040        1.1892692325949239     
  0.71000000000000041        1.1931024323075006     
  0.72000000000000042        1.1953760361185592     
  0.73000000000000043        1.1955586435068828     
  0.74000000000000044        1.1930505836193459     
  0.75000000000000044        1.1871958586258131     
  0.76000000000000045        1.1773006537897803     
  0.77000000000000046        1.1626582941265828     
  0.78000000000000047        1.1425797215061948     
  0.79000000000000048        1.1164276703533174     
  0.80000000000000049        1.0836518695494641     
  0.81000000000000050        1.0438219607522032     
  0.82000000000000051       0.99665456793946183     
  0.83000000000000052       0.94203120498132975     
  0.84000000000000052       0.88000450494278881     
  0.85000000000000053       0.81079151766059987     
  0.86000000000000054       0.73475435734051320     
  0.87000000000000055       0.65237001847878984     
  0.88000000000000056       0.56419243145563314     
  0.89000000000000057       0.47081057032567802     
  0.90000000000000058       0.37280653820153370     
  0.91000000000000059       0.27071705958393666     
  0.92000000000000060       0.16500084425311223     
  0.93000000000000060       5.60130655509902819E-002
  0.94000000000000061      -5.60125011814225915E-002
  0.95000000000000062      -5.68227494113262913E-002
  0.96000000000000063       5.68227325146989509E-002
  0.97000000000000064       0.16731475902885487     
  0.98000000000000065       0.27440500094495268     
  0.99000000000000066       0.37771803433959616     
   1.0000000000000007       0.47677240174364166     
