   0.0000000000000000       0.36331913677396566     
  1.00000000000000002E-002  0.45921202304784731     
  2.00000000000000004E-002  0.55080151264501109     
  2.99999999999999989E-002  0.63754537229340202     
  4.00000000000000008E-002  0.71889228114895820     
  5.00000000000000028E-002  0.79431771478730218     
  6.00000000000000047E-002  0.86336034952151752     
  7.00000000000000067E-002  0.92565589319048069     
  8.00000000000000017E-002  0.98096517615041956     
  8.99999999999999967E-002   1.0291937553751702     
  9.99999999999999917E-002   1.0704011533403262     
  0.10999999999999999        1.1047990300988544     
  0.11999999999999998        1.1327388610732376     
  0.12999999999999998        1.1546908377986931     
  0.13999999999999999        1.1712165374723926     
  0.14999999999999999        1.1829383138071643     
  0.16000000000000000        1.1905083350309020     
  0.17000000000000001        1.1945798052306498     
  0.18000000000000002        1.1957822741221462     
  0.19000000000000003        1.1947022049455513     
  0.20000000000000004        1.1918692534644284     
  0.21000000000000005        1.1877481028708643     
  0.22000000000000006        1.1827352500643751     
  0.23000000000000007        1.1771598620353436     
  0.24000000000000007        1.1712877029784141     
  0.25000000000000006        1.1653271423628029     
  0.26000000000000006        1.1594363535866341     
  0.27000000000000007        1.1537309648058036     
  0.28000000000000008        1.1482915963570703     
  0.29000000000000009        1.1431708890397088     
  0.30000000000000010        1.1383997787252293     
  0.31000000000000011        1.1339928969544679     
  0.32000000000000012        1.1299530716974535     
  0.33000000000000013        1.1262749686237665     
  0.34000000000000014        1.1229479547875194     
  0.35000000000000014        1.1199582884100139     
  0.36000000000000015        1.1172907454603200     
  0.37000000000000016        1.1149297905863826     
  0.38000000000000017        1.1128603904951031     
  0.39000000000000018        1.1110685551272910     
  0.40000000000000019        1.1095416781043435     
  0.41000000000000020        1.1082687343973205     
  0.42000000000000021        1.1072403808601310     
  0.43000000000000022        1.1064489946085017     
  0.44000000000000022        1.1058886753327473     
  0.45000000000000023        1.1055552304143577     
  0.46000000000000024        1.1054461559558149     
  0.47000000000000025        1.1055606222409262     
  0.48000000000000026        1.1058994683964687     
  0.49000000000000027        1.1064652077889383     
  0.50000000000000022        1.1072620426229778     
  0.51000000000000023        1.1082958829704534     
  0.52000000000000024        1.1095743617113487     
  0.53000000000000025        1.1111068322733559     
  0.54000000000000026        1.1129043302931767     
  0.55000000000000027        1.1149794730997939     
  0.56000000000000028        1.1173462620198933     
  0.57000000000000028        1.1200197418368920     
  0.58000000000000029        1.1230154594151158     
  0.59000000000000030        1.1263486499609796     
  0.60000000000000031        1.1300330655083497     
  0.61000000000000032        1.1340793474456987     
  0.62000000000000033        1.1384928354317105     
  0.63000000000000034        1.1432707018843129     
  0.64000000000000035        1.1483983082377662     
  0.65000000000000036        1.1538447009451152     
  0.66000000000000036        1.1595572067807518     
  0.67000000000000037        1.1654551532146622     
  0.68000000000000038        1.1714228342201143     
  0.69000000000000039        1.1773019661739657     
  0.70000000000000040        1.1828840298561705     
  0.71000000000000041        1.1879030645724036     
  0.72000000000000042        1.1920296534474066     
  0.73000000000000043        1.1948669911032115     
  0.74000000000000044        1.1959500245360377     
  0.75000000000000044        1.1947486677972174     
  0.76000000000000045        1.1906759731667416     
  0.77000000000000046        1.1831018649808331     
  0.78000000000000047        1.1713725931945318     
  0.79000000000000048        1.1548354558720029     
  0.80000000000000049        1.1328676232726635     
  0.81000000000000050        1.1049071606315293     
  0.82000000000000051        1.0704837145102386     
  0.83000000000000052        1.0292459352702175     
  0.84000000000000052       0.98098267680747664     
  0.85000000000000053       0.92563541474647293     
  0.86000000000000054       0.86330014609346595     
  0.87000000000000055       0.79421817414671259     
  0.88000000000000056       0.71875645932686449     
  0.89000000000000057       0.63737940492359713     
  0.90000000000000058       0.55061483420343704     
  0.91000000000000059       0.45901735400754229     
  0.92000000000000060       0.36313223989920884     
  0.93000000000000060       0.26346247149803964     
  0.94000000000000061       0.16044072454086616     
  0.95000000000000062       5.44071548346773265E-002
  0.96000000000000063      -5.44071462127210734E-002
  0.97000000000000064      -5.50658941488680401E-002
  0.98000000000000065       5.50658940540857331E-002
  0.99000000000000066       0.16235058907650013     
   1.0000000000000007       0.26654394052837704     
