   0.0000000000000000        1.0000000000000000     
  1.25000000000000007E-002  0.96889664987266522     
  2.50000000000000014E-002  0.93779599567590344     
  3.75000000000000056E-002  0.90672259072668526     
  5.00000000000000028E-002  0.87571502988194927     
  6.25000000000000000E-002  0.84482332497761492     
  7.49999999999999972E-002  0.81410643771580582     
  8.74999999999999944E-002  0.78362994869959257     
  9.99999999999999917E-002  0.75346392057481049     
  0.11249999999999999       0.72368099129284436     
  0.12499999999999999       0.69435471708027519     
  0.13749999999999998       0.66555817107377901     
  0.14999999999999999       0.63736279380434158     
  0.16250000000000001       0.60983748679375194     
  0.17500000000000002       0.58304794114735048     
  0.18750000000000003       0.55705619977159704     
  0.20000000000000004       0.53192046552442862     
  0.21250000000000005       0.50769518971209560     
  0.22500000000000006       0.48443150860476186     
  0.23750000000000007       0.46217814469622781     
  0.25000000000000006       0.44098296165207057     
  0.26250000000000007       0.42089546829285318     
  0.27500000000000008       0.40197072313677523     
  0.28750000000000009       0.38427531793994046     
  0.30000000000000010       0.36789644302542818     
  0.31250000000000011       0.35295549083819872     
  0.32500000000000012       0.33962827184633143     
  0.33750000000000013       0.32817473201419550     
  0.35000000000000014       0.31898210023981505     
  0.36250000000000016       0.31262667416960427     
  0.37500000000000017       0.30996098857144389     
  0.38750000000000018       0.31223495276147650     
  0.40000000000000019       0.32126188120385085     
  0.41250000000000020       0.33964372259491399     
  0.42500000000000021       0.37107554649142510     
  0.43750000000000022       0.42076031041071210     
  0.45000000000000023       0.49598662448120612     
  0.46250000000000024       0.60696467384462005     
  0.47500000000000026       0.76809595371159745     
  0.48750000000000027        1.0000000000000000     
  0.50000000000000022        1.0000000000000000     
  0.51250000000000018        1.0000000000000000     
  0.52500000000000013        1.0000000000000000     
  0.53750000000000009        1.0000000000000000     
  0.55000000000000004        1.0000000000000000     
  0.56250000000000000        1.0000000000000000     
  0.57499999999999996        1.0000000000000000     
  0.58749999999999991        1.0000000000000000     
  0.59999999999999987        1.0000000000000000     
  0.61249999999999982        1.0000000000000000     
  0.62499999999999978        1.0000000000000000     
  0.63749999999999973        1.0000000000000000     
  0.64999999999999969        1.0000000000000000     
  0.66249999999999964        1.0000000000000000     
  0.67499999999999960        1.0000000000000000     
  0.68749999999999956        1.0000000000000000     
  0.69999999999999951        1.0000000000000000     
  0.71249999999999947        1.0000000000000000     
  0.72499999999999942        1.0000000000000000     
  0.73749999999999938        1.0000000000000000     
  0.74999999999999933        1.0000000000000000     
  0.76249999999999929        1.0000000000000000     
  0.77499999999999925        1.0000000000000000     
  0.78749999999999920        1.0000000000000000     
  0.79999999999999916        1.0000000000000000     
  0.81249999999999911        1.0000000000000000     
  0.82499999999999907        1.0000000000000000     
  0.83749999999999902        1.0000000000000000     
  0.84999999999999898        1.0000000000000000     
  0.86249999999999893        1.0000000000000000     
  0.87499999999999889        1.0000000000000000     
  0.88749999999999885        1.0000000000000000     
  0.89999999999999880        1.0000000000000000     
  0.91249999999999876        1.0000000000000000     
  0.92499999999999871        1.0000000000000000     
  0.93749999999999867        1.0000000000000000     
  0.94999999999999862        1.0000000000000000     
  0.96249999999999858        1.0000000000000000     
  0.97499999999999853        1.0000000000000000     
  0.98749999999999849        1.0000000000000000     
  0.99999999999999845        1.0000000000000000     
