   0.0000000000000000        1.0000000000000000     
  1.25000000000000007E-002  0.97420387427556021     
  2.50000000000000014E-002  0.94840370248633699     
  3.75000000000000056E-002  0.92260383559216597     
  5.00000000000000028E-002  0.89681704579415489     
  6.25000000000000000E-002  0.87106785964618372     
  7.49999999999999972E-002  0.84539358142751819     
  8.74999999999999944E-002  0.81984362173997483     
  9.99999999999999917E-002  0.79447784251980280     
  0.11249999999999999       0.76936451761029701     
  0.12499999999999999       0.74457836430567303     
  0.13749999999999998       0.72019896619119550     
  0.14999999999999999       0.69630979750838218     
  0.16250000000000001       0.67299798267792499     
  0.17500000000000002       0.65035488226275961     
  0.18750000000000003       0.62847758208834514     
  0.20000000000000004       0.60747136429195248     
  0.21250000000000005       0.58745324435419255     
  0.22500000000000006       0.56855665226053564     
  0.23750000000000007       0.55093730341258751     
  0.25000000000000006       0.53478022889377086     
  0.26250000000000007       0.52030779711297026     
  0.27500000000000008       0.50778834223750469     
  0.28750000000000009       0.49754470664284245     
  0.30000000000000010       0.48996160467540900     
  0.31250000000000011       0.48549024630496190     
  0.32500000000000012       0.48464818119589032     
  0.33750000000000013       0.48801194589850161     
  0.35000000000000014       0.49619998772223534     
  0.36250000000000016       0.50984372154097091     
  0.37500000000000017       0.52954569883908376     
  0.38750000000000018       0.55582593810172709     
  0.40000000000000019       0.58906053307500084     
  0.41250000000000020       0.62942047097144693     
  0.42500000000000021       0.67682248911728438     
  0.43750000000000022       0.73090672559295722     
  0.45000000000000023       0.79105680816172252     
  0.46250000000000024       0.85647662162597948     
  0.47500000000000026       0.92633604570171801     
  0.48750000000000027        1.0000000000000000     
  0.50000000000000022        1.0000000000000000     
  0.51250000000000018        1.0000000000000000     
  0.52500000000000013        1.0000000000000000     
  0.53750000000000009        1.0000000000000000     
  0.55000000000000004        1.0000000000000000     
  0.56250000000000000        1.0000000000000000     
  0.57499999999999996        1.0000000000000000     
  0.58749999999999991        1.0000000000000000     
  0.59999999999999987        1.0000000000000000     
  0.61249999999999982        1.0000000000000000     
  0.62499999999999978        1.0000000000000000     
  0.63749999999999973        1.0000000000000000     
  0.64999999999999969        1.0000000000000000     
  0.66249999999999964        1.0000000000000000     
  0.67499999999999960        1.0000000000000000     
  0.68749999999999956        1.0000000000000000     
  0.69999999999999951        1.0000000000000000     
  0.71249999999999947        1.0000000000000000     
  0.72499999999999942        1.0000000000000000     
  0.73749999999999938        1.0000000000000000     
  0.74999999999999933        1.0000000000000000     
  0.76249999999999929        1.0000000000000000     
  0.77499999999999925        1.0000000000000000     
  0.78749999999999920        1.0000000000000000     
  0.79999999999999916        1.0000000000000000     
  0.81249999999999911        1.0000000000000000     
  0.82499999999999907        1.0000000000000000     
  0.83749999999999902        1.0000000000000000     
  0.84999999999999898        1.0000000000000000     
  0.86249999999999893        1.0000000000000000     
  0.87499999999999889        1.0000000000000000     
  0.88749999999999885        1.0000000000000000     
  0.89999999999999880        1.0000000000000000     
  0.91249999999999876        1.0000000000000000     
  0.92499999999999871        1.0000000000000000     
  0.93749999999999867        1.0000000000000000     
  0.94999999999999862        1.0000000000000000     
  0.96249999999999858        1.0000000000000000     
  0.97499999999999853        1.0000000000000000     
  0.98749999999999849        1.0000000000000000     
  0.99999999999999845        1.0000000000000000     
