   0.0000000000000000       0.87741265752102804     
  1.25000000000000007E-002  0.75511757499175858     
  2.50000000000000014E-002  0.63476338720418002     
  3.75000000000000056E-002  0.51887263100547798     
  5.00000000000000028E-002  0.41057550636980683     
  6.25000000000000000E-002  0.31312923929436359     
  7.49999999999999972E-002  0.22928929038967794     
  8.74999999999999944E-002  0.16070813704318249     
  9.99999999999999917E-002  0.10758397855158118     
  0.11249999999999999       6.87010888183597485E-002
  0.12499999999999999       4.18266496311925778E-002
  0.13749999999999998       2.42768990323886137E-002
  0.14999999999999999       1.34358503842704081E-002
  0.16250000000000001       7.09204984876249129E-003
  0.17500000000000002       3.57098724222791467E-003
  0.18750000000000003       1.71531143882343979E-003
  0.20000000000000004       7.85994191377672102E-004
  0.21250000000000005       3.43534514178523212E-004
  0.22500000000000006       1.43198123163103258E-004
  0.23750000000000007       5.69203487633966252E-005
  0.25000000000000006       2.15739127848434831E-005
  0.26250000000000007       7.79685391373483311E-006
  0.27500000000000008       2.68702598830977869E-006
  0.28750000000000009       8.83190960043494928E-007
  0.30000000000000010       2.76928939278235971E-007
  0.31250000000000011       8.28591651274230480E-008
  0.32500000000000012       2.36656363224107942E-008
  0.33750000000000013       6.45444975810384183E-009
  0.35000000000000014       1.68160462748592868E-009
  0.36250000000000016       4.18664264146265085E-010
  0.37500000000000017       9.96377549342775867E-011
  0.38750000000000018       2.26732471133512005E-011
  0.40000000000000019       4.93424095833374363E-012
  0.41250000000000020       1.02704862547058011E-012
  0.42500000000000021       2.04469085342049678E-013
  0.43750000000000022       3.89295608147919006E-014
  0.45000000000000023       7.08654683787773512E-015
  0.46250000000000024       1.23285070430672555E-015
  0.47500000000000026       2.04852787410872850E-016
  0.48750000000000027       3.24837718168215500E-017
  0.50000000000000022       4.91025845135555886E-018
  0.51250000000000018       7.06442030061873204E-019
  0.52500000000000013       9.57542284037475589E-020
  0.53750000000000009       5.65693848591406261E-021
  0.55000000000000004      -5.16840313362255415E-020
  0.56250000000000000      -3.93050184097380416E-019
  0.57499999999999996      -2.76915094585078162E-018
  0.58749999999999991      -1.85884603731211783E-017
  0.59999999999999987      -1.18937727248693721E-016
  0.61249999999999982      -7.25263541985638756E-016
  0.62499999999999978      -4.21319207872771700E-015
  0.63749999999999973      -2.33035836767077593E-014
  0.64999999999999969      -1.22630317785278331E-013
  0.66249999999999964      -6.13343684845572969E-013
  0.67499999999999960      -2.91198974722960436E-012
  0.68749999999999956      -1.31026245163881168E-011
  0.69999999999999951      -5.57596714534502148E-011
  0.71249999999999947      -2.23830926915940940E-010
  0.72499999999999942      -8.44516212946421030E-010
  0.73749999999999938      -2.97995021598998098E-009
  0.74999999999999933      -9.76067764712283042E-009
  0.76249999999999929      -2.93206278780760217E-008
  0.77499999999999925      -7.90268845726968953E-008
  0.78749999999999920      -1.82290276929080868E-007
  0.79999999999999916      -3.12788331571324058E-007
  0.81249999999999911      -1.16027414644368857E-007
  0.82499999999999907       2.12736462097422060E-006
  0.83749999999999902       1.27704567584202757E-005
  0.84999999999999898       5.19062924421149788E-005
  0.86249999999999893       1.76218974719591619E-004
  0.87499999999999889       5.31287137754828565E-004
  0.88749999999999885       1.46235146441600671E-003
  0.89999999999999880       3.73656915564133220E-003
  0.91249999999999876       8.98198056861868217E-003
  0.92499999999999871       2.05800045744136649E-002
  0.93749999999999867       4.55810606267494159E-002
  0.94999999999999862       9.89940820208494304E-002
  0.96249999999999858       0.21349750335330309     
  0.97499999999999853       0.46109864841906389     
  0.98749999999999849        1.0000000000000000     
  0.99999999999999845        1.0000000000000000     
