   0.0000000000000000       0.95231613004978499     
  1.25000000000000007E-002  0.90463780298343799     
  2.50000000000000014E-002  0.85701252193741195     
  3.75000000000000056E-002  0.80952772813154261     
  5.00000000000000028E-002  0.76230396909936038     
  6.25000000000000000E-002  0.71548742807437349     
  7.49999999999999972E-002  0.66924197846374367     
  8.74999999999999944E-002  0.62374134186171903     
  9.99999999999999917E-002  0.57916201843796999     
  0.11249999999999999       0.53567753896566617     
  0.12499999999999999       0.49345430827748160     
  0.13749999999999998       0.45264896857571041     
  0.14999999999999999       0.41340691566058413     
  0.16250000000000001       0.37586143392806537     
  0.17500000000000002       0.34013290949823949     
  0.18750000000000003       0.30632771460988190     
  0.20000000000000004       0.27453657281224653     
  0.21250000000000005       0.24483244441799018     
  0.22500000000000006       0.21726815835833271     
  0.23750000000000007       0.19187412890553540     
  0.25000000000000006       0.16865652975150677     
  0.26250000000000007       0.14759627057317587     
  0.27500000000000008       0.12864906305647400     
  0.28750000000000009       0.11174681687665498     
  0.30000000000000010       9.68006342000194697E-002
  0.31250000000000011       8.37058801989250811E-002
  0.32500000000000012       7.23503915039571538E-002
  0.33750000000000013       6.26282111101690714E-002
  0.35000000000000014       5.44640173353395443E-002
  0.36250000000000016       4.78591105633182773E-002
  0.37500000000000017       4.29817436616745652E-002
  0.38750000000000018       4.03508113162120569E-002
  0.40000000000000019       4.12227738612258171E-002
  0.41250000000000020       4.84374617191877382E-002
  0.42500000000000021       6.83284730588763350E-002
  0.43750000000000022       0.11512813788067902     
  0.45000000000000023       0.22117309798278686     
  0.46250000000000024       0.46029062891072631     
  0.47500000000000026        1.0000000000000000     
  0.48750000000000027        1.0000000000000000     
  0.50000000000000022        1.0000000000000000     
  0.51250000000000018        1.0000000000000000     
  0.52500000000000013        1.0000000000000000     
  0.53750000000000009        1.0000000000000000     
  0.55000000000000004        1.0000000000000000     
  0.56250000000000000        1.0000000000000000     
  0.57499999999999996        1.0000000000000000     
  0.58749999999999991        1.0000000000000000     
  0.59999999999999987        1.0000000000000000     
  0.61249999999999982        1.0000000000000000     
  0.62499999999999978        1.0000000000000000     
  0.63749999999999973        1.0000000000000000     
  0.64999999999999969        1.0000000000000000     
  0.66249999999999964        1.0000000000000000     
  0.67499999999999960        1.0000000000000000     
  0.68749999999999956        1.0000000000000000     
  0.69999999999999951        1.0000000000000000     
  0.71249999999999947        1.0000000000000000     
  0.72499999999999942        1.0000000000000000     
  0.73749999999999938        1.0000000000000000     
  0.74999999999999933        1.0000000000000000     
  0.76249999999999929        1.0000000000000000     
  0.77499999999999925        1.0000000000000000     
  0.78749999999999920        1.0000000000000000     
  0.79999999999999916        1.0000000000000000     
  0.81249999999999911        1.0000000000000000     
  0.82499999999999907        1.0000000000000000     
  0.83749999999999902        1.0000000000000000     
  0.84999999999999898        1.0000000000000000     
  0.86249999999999893        1.0000000000000000     
  0.87499999999999889        1.0000000000000000     
  0.88749999999999885        1.0000000000000000     
  0.89999999999999880        1.0000000000000000     
  0.91249999999999876        1.0000000000000000     
  0.92499999999999871        1.0000000000000000     
  0.93749999999999867        1.0000000000000000     
  0.94999999999999862        1.0000000000000000     
  0.96249999999999858        1.0000000000000000     
  0.97499999999999853        1.0000000000000000     
  0.98749999999999849        1.0000000000000000     
  0.99999999999999845        1.0000000000000000     
