   0.0000000000000000      -9.81539315701310949E-003
  1.25000000000000007E-002  9.81539514545664779E-003
  2.50000000000000014E-002  2.87201823686377804E-002
  3.75000000000000056E-002  4.68936442932690045E-002
  5.00000000000000028E-002  6.43281640085909545E-002
  6.25000000000000000E-002  8.10137532834442620E-002
  7.49999999999999972E-002  9.69379908785052979E-002
  8.74999999999999944E-002  0.11208597878081013     
  9.99999999999999917E-002  0.12644031418067087     
  0.11249999999999999       0.13998107796957898     
  0.12499999999999999       0.15268584093929602     
  0.13749999999999998       0.16452968842254301     
  0.14999999999999999       0.17548526363991565     
  0.16250000000000001       0.18552282958562763     
  0.17500000000000002       0.19461034886501707     
  0.18750000000000003       0.20271358047017349     
  0.20000000000000004       0.20979619203671504     
  0.21250000000000005       0.21581988565941071     
  0.22500000000000006       0.22074453484994561     
  0.23750000000000007       0.22452832967984654     
  0.25000000000000006       0.22712792654166392     
  0.26250000000000007       0.22849859826553032     
  0.27500000000000008       0.22859437953860112     
  0.28750000000000009       0.22736820166907110     
  0.30000000000000010       0.22477200966672342     
  0.31250000000000011       0.22075685334296397     
  0.32500000000000012       0.21527294266597916     
  0.33750000000000013       0.20826965591949398     
  0.35000000000000014       0.19969548721141067     
  0.36250000000000016       0.18949791746136341     
  0.37500000000000017       0.17762319011754912     
  0.38750000000000018       0.16401596941008395     
  0.40000000000000019       0.14861885467513619     
  0.41250000000000020       0.13137171887292765     
  0.42500000000000021       0.11221083259139836     
  0.43750000000000022       9.10677259910716019E-002
  0.45000000000000023       6.78677294614656729E-002
  0.46250000000000024       4.25281189686522731E-002
  0.47500000000000026       1.49557740980922407E-002
  0.48750000000000027      -1.49557705362366889E-002
  0.50000000000000022        0.0000000000000000     
  0.51250000000000018        0.0000000000000000     
  0.52500000000000013        0.0000000000000000     
  0.53750000000000009        0.0000000000000000     
  0.55000000000000004        0.0000000000000000     
  0.56250000000000000        0.0000000000000000     
  0.57499999999999996        0.0000000000000000     
  0.58749999999999991        0.0000000000000000     
  0.59999999999999987        0.0000000000000000     
  0.61249999999999982        0.0000000000000000     
  0.62499999999999978        0.0000000000000000     
  0.63749999999999973        0.0000000000000000     
  0.64999999999999969        0.0000000000000000     
  0.66249999999999964        0.0000000000000000     
  0.67499999999999960        0.0000000000000000     
  0.68749999999999956        0.0000000000000000     
  0.69999999999999951        0.0000000000000000     
  0.71249999999999947        0.0000000000000000     
  0.72499999999999942        0.0000000000000000     
  0.73749999999999938        0.0000000000000000     
  0.74999999999999933        0.0000000000000000     
  0.76249999999999929        0.0000000000000000     
  0.77499999999999925        0.0000000000000000     
  0.78749999999999920        0.0000000000000000     
  0.79999999999999916        0.0000000000000000     
  0.81249999999999911        0.0000000000000000     
  0.82499999999999907        0.0000000000000000     
  0.83749999999999902        0.0000000000000000     
  0.84999999999999898        0.0000000000000000     
  0.86249999999999893        0.0000000000000000     
  0.87499999999999889        0.0000000000000000     
  0.88749999999999885        0.0000000000000000     
  0.89999999999999880        0.0000000000000000     
  0.91249999999999876        0.0000000000000000     
  0.92499999999999871        0.0000000000000000     
  0.93749999999999867        0.0000000000000000     
  0.94999999999999862        0.0000000000000000     
  0.96249999999999858        0.0000000000000000     
  0.97499999999999853        0.0000000000000000     
  0.98749999999999849        0.0000000000000000     
  0.99999999999999845        0.0000000000000000     
