   0.0000000000000000       3.12396361202950737E-002
  1.25000000000000007E-002  9.35093856874976981E-002
  2.50000000000000014E-002  0.15551378485632969     
  3.75000000000000056E-002  0.21716026271430919     
  5.00000000000000028E-002  0.27832177791539442     
  6.25000000000000000E-002  0.33883985902924701     
  7.49999999999999972E-002  0.39852824381395352     
  8.74999999999999944E-002  0.45717716080936638     
  9.99999999999999917E-002  0.51455829067298720     
  0.11249999999999999       0.57043039497887671     
  0.12499999999999999       0.62454554415185437     
  0.13749999999999998       0.67665581890602533     
  0.14999999999999999       0.72652030387819455     
  0.16250000000000001       0.77391214268691511     
  0.17500000000000002       0.81862538574240706     
  0.18750000000000003       0.86048134086807138     
  0.20000000000000004       0.89933413618170199     
  0.21250000000000005       0.93507522692329437     
  0.22500000000000006       0.96763662284899921     
  0.23750000000000007       0.99699267769056388     
  0.25000000000000006        1.0231603618328022     
  0.26250000000000007        1.0461980267492641     
  0.27500000000000008        1.0662027568342678     
  0.28750000000000009        1.0833064831142041     
  0.30000000000000010        1.0976710970322470     
  0.31250000000000011        1.1094828461064834     
  0.32500000000000012        1.1189463141968556     
  0.33750000000000013        1.1262782873389698     
  0.35000000000000014        1.1317017838462202     
  0.36250000000000016        1.1354404886285900     
  0.37500000000000017        1.1377137814740894     
  0.38750000000000018        1.1387324927855165     
  0.40000000000000019        1.1386954630776325     
  0.41250000000000020        1.1377869287741373     
  0.42500000000000021        1.1361747098011485     
  0.43750000000000022        1.1340091362864322     
  0.45000000000000023        1.1314226233411366     
  0.46250000000000024        1.1285297844362592     
  0.47500000000000026        1.1254279645281702     
  0.48750000000000027        1.1221980725428415     
  0.50000000000000022        1.1189055975168485     
  0.51250000000000018        1.1156017019689197     
  0.52500000000000013        1.1123242984026043     
  0.53750000000000009        1.1090990289044580     
  0.55000000000000004        1.1059400825641150     
  0.56250000000000000        1.1028508001455446     
  0.57499999999999996        1.0998240295852093     
  0.58749999999999991        1.0968422092053685     
  0.59999999999999987        1.0938771679021606     
  0.61249999999999982        1.0908896430037427     
  0.62499999999999978        1.0878285270427750     
  0.63749999999999973        1.0846298643622536     
  0.64999999999999969        1.0812156271710538     
  0.66249999999999964        1.0774923081129599     
  0.67499999999999960        1.0733493721500020     
  0.68749999999999956        1.0686576139546471     
  0.69999999999999951        1.0632674672893940     
  0.71249999999999947        1.0570073091832297     
  0.72499999999999942        1.0496817932406335     
  0.73749999999999938        1.0410702323843029     
  0.74999999999999933        1.0309250312543938     
  0.76249999999999929        1.0189701423684150     
  0.77499999999999925        1.0048994885862055     
  0.78749999999999920       0.98837525858930486     
  0.79999999999999916       0.96902594376033990     
  0.81249999999999911       0.94644394664050346     
  0.82499999999999907       0.92018255632122359     
  0.83749999999999902       0.88975205784606692     
  0.84999999999999898       0.85461472340123257     
  0.86249999999999893       0.81417842458856604     
  0.87499999999999889       0.76778860828454554     
  0.88749999999999885       0.71471839206719179     
  0.89999999999999880       0.65415655459103150     
  0.91249999999999876       0.58519321524751711     
  0.92499999999999871       0.50680300807039769     
  0.93749999999999867       0.41782554632421587     
  0.94999999999999862       0.31694293462555689     
  0.96249999999999858       0.20265400675385631     
  0.97499999999999853       7.32448575430986598E-002
  0.98749999999999849      -7.32448741926453734E-002
  0.99999999999999845      -3.15016604043074494E-002
