   0.0000000000000000       1.45517909167401857E-002
  1.25000000000000007E-002  4.42097027852701788E-002
  2.50000000000000014E-002  7.43899251052731747E-002
  3.75000000000000056E-002  0.10505654770536475     
  5.00000000000000028E-002  0.13616938375919871     
  6.25000000000000000E-002  0.16768358013842022     
  7.49999999999999972E-002  0.19954930359830472     
  8.74999999999999944E-002  0.23171155255085396     
  9.99999999999999917E-002  0.26411011136186091     
  0.11249999999999999       0.29667965031266857     
  0.12499999999999999       0.32934996739796102     
  0.13749999999999998       0.36204636355981717     
  0.14999999999999999       0.39469014019955495     
  0.16250000000000001       0.42719920675594236     
  0.17500000000000002       0.45948878659366632     
  0.18750000000000003       0.49147221120080070     
  0.20000000000000004       0.52306179560613497     
  0.21250000000000005       0.55416979196078164     
  0.22500000000000006       0.58470942350888544     
  0.23750000000000007       0.61459600808256831     
  0.25000000000000006       0.64374818948465928     
  0.26250000000000007       0.67208930756817831     
  0.27500000000000008       0.69954895448530441     
  0.28750000000000009       0.72606478653805029     
  0.30000000000000010       0.75158468922205457     
  0.31250000000000011       0.77606942718057748     
  0.32500000000000012       0.79949594729589157     
  0.33750000000000013       0.82186153110302429     
  0.35000000000000014       0.84318898719022073     
  0.36250000000000016       0.86353298551858693     
  0.37500000000000017       0.88298737417181461     
  0.38750000000000018       0.90169274344425776     
  0.40000000000000019       0.91984243398195953     
  0.41250000000000020       0.93768350785514121     
  0.42500000000000021       0.95550713498718709     
  0.43750000000000022       0.97362149853944524     
  0.45000000000000023       0.99230232478230374     
  0.46250000000000024        1.0117253156915038     
  0.47500000000000026        1.0319022225541912     
  0.48750000000000027        1.0526572109592101     
  0.50000000000000022        1.0736656388529799     
  0.51250000000000018        1.0945259467229322     
  0.52500000000000013        1.1148233503822658     
  0.53750000000000009        1.1341655744165156     
  0.55000000000000004        1.1521926147549924     
  0.56250000000000000        1.1685715350993739     
  0.57499999999999996        1.1829870064318349     
  0.58749999999999991        1.1951347067729481     
  0.59999999999999987        1.2047211039378098     
  0.61249999999999982        1.2114704083051129     
  0.62499999999999978        1.2151374650189901     
  0.63749999999999973        1.2155238464364111     
  0.64999999999999969        1.2124934491976991     
  0.66249999999999964        1.2059837263400941     
  0.67499999999999960        1.1960094686481724     
  0.68749999999999956        1.1826576788801642     
  0.69999999999999951        1.1660740972893333     
  0.71249999999999947        1.1464436966594083     
  0.72499999999999942        1.1239684446917924     
  0.73749999999999938        1.0988456481735860     
  0.74999999999999933        1.0712494328530209     
  0.76249999999999929        1.0413167751070322     
  0.77499999999999925        1.0091383894566774     
  0.78749999999999920       0.97475395093387263     
  0.79999999999999916       0.93815067552151188     
  0.81249999999999911       0.89926414204105187     
  0.82499999999999907       0.85798029573170376     
  0.83749999999999902       0.81413769877351250     
  0.84999999999999898       0.76752917754775751     
  0.86249999999999893       0.71790197915576837     
  0.87499999999999889       0.66495533516874106     
  0.88749999999999885       0.60833391444002649     
  0.89999999999999880       0.54761506411839145     
  0.91249999999999876       0.48228715146442863     
  0.92499999999999871       0.41171613578818261     
  0.93749999999999867       0.33509850163796540     
  0.94999999999999862       0.25140201223421299     
  0.96249999999999858       0.15930233683441722     
  0.97499999999999853       5.71325010422476104E-002
  0.98749999999999849      -5.71325015698158981E-002
  0.99999999999999845      -1.46368169228142143E-002
