   0.0000000000000000       1.67711164135784761E-002
  1.25000000000000007E-002  4.97157535243394483E-002
  2.50000000000000014E-002  8.20848057375541396E-002
  3.75000000000000056E-002  0.11389810754987897     
  5.00000000000000028E-002  0.14517227089529677     
  6.25000000000000000E-002  0.17591946459950622     
  7.49999999999999972E-002  0.20614604437390383     
  8.74999999999999944E-002  0.23585101763143645     
  9.99999999999999917E-002  0.26502433137087489     
  0.11249999999999999       0.29364497791506816     
  0.12499999999999999       0.32167891832104523     
  0.13749999999999998       0.34907682794621431     
  0.14999999999999999       0.37577167445986798     
  0.16250000000000001       0.40167614705276433     
  0.17500000000000002       0.42667996827407351     
  0.18750000000000003       0.45064713823760177     
  0.20000000000000004       0.47341318585786635     
  0.21250000000000005       0.49478253336722028     
  0.22500000000000006       0.51452611724606789     
  0.23750000000000007       0.53237944747080945     
  0.25000000000000006       0.54804132172985209     
  0.26250000000000007       0.56117343323611679     
  0.27500000000000008       0.57140110856534221     
  0.28750000000000009       0.57831537246737175     
  0.30000000000000010       0.58147644705945090     
  0.31250000000000011       0.58041864372066154     
  0.32500000000000012       0.57465639464538765     
  0.33750000000000013       0.56369090510629882     
  0.35000000000000014       0.54701660808677555     
  0.36250000000000016       0.52412630464912280     
  0.37500000000000017       0.49451362012731598     
  0.38750000000000018       0.45767124281367455     
  0.40000000000000019       0.41308337256588201     
  0.41250000000000020       0.36021090255703631     
  0.42500000000000021       0.29846806416309773     
  0.43750000000000022       0.22718951910984705     
  0.45000000000000023       0.14558708430323919     
  0.46250000000000024       5.26952945034387665E-002
  0.47500000000000026      -5.26952958137733921E-002
  0.48750000000000027        0.0000000000000000     
  0.50000000000000022        0.0000000000000000     
  0.51250000000000018        0.0000000000000000     
  0.52500000000000013        0.0000000000000000     
  0.53750000000000009        0.0000000000000000     
  0.55000000000000004        0.0000000000000000     
  0.56250000000000000        0.0000000000000000     
  0.57499999999999996        0.0000000000000000     
  0.58749999999999991        0.0000000000000000     
  0.59999999999999987        0.0000000000000000     
  0.61249999999999982        0.0000000000000000     
  0.62499999999999978        0.0000000000000000     
  0.63749999999999973        0.0000000000000000     
  0.64999999999999969        0.0000000000000000     
  0.66249999999999964        0.0000000000000000     
  0.67499999999999960        0.0000000000000000     
  0.68749999999999956        0.0000000000000000     
  0.69999999999999951        0.0000000000000000     
  0.71249999999999947        0.0000000000000000     
  0.72499999999999942        0.0000000000000000     
  0.73749999999999938        0.0000000000000000     
  0.74999999999999933        0.0000000000000000     
  0.76249999999999929        0.0000000000000000     
  0.77499999999999925        0.0000000000000000     
  0.78749999999999920        0.0000000000000000     
  0.79999999999999916        0.0000000000000000     
  0.81249999999999911        0.0000000000000000     
  0.82499999999999907        0.0000000000000000     
  0.83749999999999902        0.0000000000000000     
  0.84999999999999898        0.0000000000000000     
  0.86249999999999893        0.0000000000000000     
  0.87499999999999889        0.0000000000000000     
  0.88749999999999885        0.0000000000000000     
  0.89999999999999880        0.0000000000000000     
  0.91249999999999876        0.0000000000000000     
  0.92499999999999871        0.0000000000000000     
  0.93749999999999867        0.0000000000000000     
  0.94999999999999862        0.0000000000000000     
  0.96249999999999858        0.0000000000000000     
  0.97499999999999853        0.0000000000000000     
  0.98749999999999849        0.0000000000000000     
  0.99999999999999845      -1.67491627709262375E-002
