   0.0000000000000000        0.0000000000000000     
  1.25000000000000007E-002  4.53161651723401585E-005
  2.50000000000000014E-002  1.82676144305923084E-004
  3.75000000000000056E-002  4.13662049396882931E-004
  5.00000000000000028E-002  7.39776442753731396E-004
  6.25000000000000000E-002  1.16238717810992218E-003
  7.49999999999999972E-002  1.68267568491929360E-003
  8.74999999999999944E-002  2.30158373348118969E-003
  9.99999999999999917E-002  3.01975989352097325E-003
  0.11249999999999999       3.83750565795752110E-003
  0.12499999999999999       4.75472119489448852E-003
  0.13749999999999998       5.77085078369246780E-003
  0.14999999999999999       6.88482790660029445E-003
  0.16250000000000001       8.09501987490991205E-003
  0.17500000000000002       9.39917194456013454E-003
  0.18750000000000003       1.07943510656219807E-002
  0.20000000000000004       1.22768894875931386E-002
  0.21250000000000005       1.38423282727133060E-002
  0.22500000000000006       1.54853605028781507E-002
  0.23750000000000007       1.71997739057410705E-002
  0.25000000000000006       1.89783928149611612E-002
  0.26250000000000007       2.08130194384176445E-002
  0.27500000000000008       2.26943740575303796E-002
  0.28750000000000009       2.46120334187190544E-002
  0.30000000000000010       2.65543667595730566E-002
  0.31250000000000011       2.85084692363770827E-002
  0.32500000000000012       3.04600920225630810E-002
  0.33750000000000013       3.23935672808157021E-002
  0.35000000000000014       3.42917259256274309E-002
  0.36250000000000016       3.61358065101781631E-002
  0.37500000000000017       3.79053529209388909E-002
  0.38750000000000018       3.95780967772418960E-002
  0.40000000000000019       4.11298195432662633E-002
  0.41250000000000020       4.25341889986853988E-002
  0.42500000000000021       4.37625628419992599E-002
  0.43750000000000022       4.47837502465651544E-002
  0.45000000000000023       4.55637202336821728E-002
  0.46250000000000024       4.60652421300866768E-002
  0.47500000000000026       4.62474369592598966E-002
  0.48750000000000027        0.0000000000000000     
  0.50000000000000022        0.0000000000000000     
  0.51250000000000018        0.0000000000000000     
  0.52500000000000013        0.0000000000000000     
  0.53750000000000009        0.0000000000000000     
  0.55000000000000004        0.0000000000000000     
  0.56250000000000000        0.0000000000000000     
  0.57499999999999996        0.0000000000000000     
  0.58749999999999991        0.0000000000000000     
  0.59999999999999987        0.0000000000000000     
  0.61249999999999982        0.0000000000000000     
  0.62499999999999978        0.0000000000000000     
  0.63749999999999973        0.0000000000000000     
  0.64999999999999969        0.0000000000000000     
  0.66249999999999964        0.0000000000000000     
  0.67499999999999960        0.0000000000000000     
  0.68749999999999956        0.0000000000000000     
  0.69999999999999951        0.0000000000000000     
  0.71249999999999947        0.0000000000000000     
  0.72499999999999942        0.0000000000000000     
  0.73749999999999938        0.0000000000000000     
  0.74999999999999933        0.0000000000000000     
  0.76249999999999929        0.0000000000000000     
  0.77499999999999925        0.0000000000000000     
  0.78749999999999920        0.0000000000000000     
  0.79999999999999916        0.0000000000000000     
  0.81249999999999911        0.0000000000000000     
  0.82499999999999907        0.0000000000000000     
  0.83749999999999902        0.0000000000000000     
  0.84999999999999898        0.0000000000000000     
  0.86249999999999893        0.0000000000000000     
  0.87499999999999889        0.0000000000000000     
  0.88749999999999885        0.0000000000000000     
  0.89999999999999880        0.0000000000000000     
  0.91249999999999876        0.0000000000000000     
  0.92499999999999871        0.0000000000000000     
  0.93749999999999867        0.0000000000000000     
  0.94999999999999862        0.0000000000000000     
  0.96249999999999858        0.0000000000000000     
  0.97499999999999853        0.0000000000000000     
  0.98749999999999849        0.0000000000000000     
  0.99999999999999845        0.0000000000000000     
