   0.0000000000000000        0.0000000000000000     
  1.25000000000000007E-002  5.52273032015128181E-005
  2.50000000000000014E-002  1.87019562543296633E-004
  3.75000000000000056E-002  3.68352359315574161E-004
  5.00000000000000028E-002  5.80326185684995198E-004
  6.25000000000000000E-002  8.10796599151370682E-004
  7.49999999999999972E-002  1.05240580135903378E-003
  8.74999999999999944E-002  1.30089997559032586E-003
  9.99999999999999917E-002  1.55392390267604071E-003
  0.11249999999999999       1.81022475433956372E-003
  0.12499999999999999       2.06914579673391549E-003
  0.13749999999999998       2.33030911666840326E-003
  0.14999999999999999       2.59341703864834384E-003
  0.16250000000000001       2.85812719017286164E-003
  0.17500000000000002       3.12397359590731475E-003
  0.18750000000000003       3.39031727577547180E-003
  0.20000000000000004       3.65631660973768455E-003
  0.21250000000000005       3.92091179779365407E-003
  0.22500000000000006       4.18282016093939144E-003
  0.23750000000000007       4.44054046652602504E-003
  0.25000000000000006       4.69236530561083828E-003
  0.26250000000000007       4.93640102374904872E-003
  0.27500000000000008       5.17059497214339848E-003
  0.28750000000000009       5.39277004064963456E-003
  0.30000000000000010       5.60066664874484671E-003
  0.31250000000000011       5.79199265264950230E-003
  0.32500000000000012       5.96448205681099266E-003
  0.33750000000000013       6.11596417408155971E-003
  0.35000000000000014       6.24444620038758311E-003
  0.36250000000000016       6.34821431578563248E-003
  0.37500000000000017       6.42596180423889163E-003
  0.38750000000000018       6.47695806020790518E-003
  0.40000000000000019       6.50128073440724326E-003
  0.41250000000000020       6.50014546142651389E-003
  0.42500000000000021       6.47638338338044333E-003
  0.43750000000000022       6.43513187844156620E-003
  0.45000000000000023       6.38480231664814626E-003
  0.46250000000000024       6.33832488980229890E-003
  0.47500000000000026       6.31444563169392212E-003
  0.48750000000000027        0.0000000000000000     
  0.50000000000000022        0.0000000000000000     
  0.51250000000000018        0.0000000000000000     
  0.52500000000000013        0.0000000000000000     
  0.53750000000000009        0.0000000000000000     
  0.55000000000000004        0.0000000000000000     
  0.56250000000000000        0.0000000000000000     
  0.57499999999999996        0.0000000000000000     
  0.58749999999999991        0.0000000000000000     
  0.59999999999999987        0.0000000000000000     
  0.61249999999999982        0.0000000000000000     
  0.62499999999999978        0.0000000000000000     
  0.63749999999999973        0.0000000000000000     
  0.64999999999999969        0.0000000000000000     
  0.66249999999999964        0.0000000000000000     
  0.67499999999999960        0.0000000000000000     
  0.68749999999999956        0.0000000000000000     
  0.69999999999999951        0.0000000000000000     
  0.71249999999999947        0.0000000000000000     
  0.72499999999999942        0.0000000000000000     
  0.73749999999999938        0.0000000000000000     
  0.74999999999999933        0.0000000000000000     
  0.76249999999999929        0.0000000000000000     
  0.77499999999999925        0.0000000000000000     
  0.78749999999999920        0.0000000000000000     
  0.79999999999999916        0.0000000000000000     
  0.81249999999999911        0.0000000000000000     
  0.82499999999999907        0.0000000000000000     
  0.83749999999999902        0.0000000000000000     
  0.84999999999999898        0.0000000000000000     
  0.86249999999999893        0.0000000000000000     
  0.87499999999999889        0.0000000000000000     
  0.88749999999999885        0.0000000000000000     
  0.89999999999999880        0.0000000000000000     
  0.91249999999999876        0.0000000000000000     
  0.92499999999999871        0.0000000000000000     
  0.93749999999999867        0.0000000000000000     
  0.94999999999999862        0.0000000000000000     
  0.96249999999999858        0.0000000000000000     
  0.97499999999999853        0.0000000000000000     
  0.98749999999999849        0.0000000000000000     
  0.99999999999999845        0.0000000000000000     
