   0.0000000000000000       8.48827029952504042E-004
  1.25000000000000007E-002  3.32205584688207746E-003
  2.50000000000000014E-002  7.32613738285808978E-003
  3.75000000000000056E-002  1.27389934861236228E-002
  5.00000000000000028E-002  1.94034323994169526E-002
  6.25000000000000000E-002  2.71240681100281544E-002
  7.49999999999999972E-002  3.56684580226345194E-002
  8.74999999999999944E-002  4.47728589836384056E-002
  9.99999999999999917E-002  5.41524481483287162E-002
  0.11249999999999999       6.35151807793480211E-002
  0.12499999999999999       7.25778131204517923E-002
  0.13749999999999998       8.10821729954173953E-002
  0.14999999999999999       8.88096459929061804E-002
  0.16250000000000001       9.55921092197486721E-002
  0.17500000000000002       0.10131813120371370     
  0.18750000000000003       0.10593402352259551     
  0.20000000000000004       0.10944009896190145     
  0.21250000000000005       0.11188310496218508     
  0.22500000000000006       0.11334616376091204     
  0.23750000000000007       0.11393764059401006     
  0.25000000000000006       0.11378021997451981     
  0.26250000000000007       0.11300117548447830     
  0.27500000000000008       0.11172445763533499     
  0.28750000000000009       0.11006487181472023     
  0.30000000000000010       0.10812432525107879     
  0.31250000000000011       0.10598991365358768     
  0.32500000000000012       0.10373349825298975     
  0.33750000000000013       0.10141238091437675     
  0.35000000000000014       9.90706995658596490E-002
  0.36250000000000016       9.67412173502015665E-002
  0.37500000000000017       9.44472479023986677E-002
  0.38750000000000018       9.22045315909297281E-002
  0.40000000000000019       9.00229438815996486E-002
  0.41250000000000020       8.79079719400934628E-002
  0.42500000000000021       8.58619372519547480E-002
  0.43750000000000022       8.38849707695123320E-002
  0.45000000000000023       8.19757646554236802E-002
  0.46250000000000024       8.01321335138307916E-002
  0.47500000000000026       7.83514206271727076E-002
  0.48750000000000027       7.66307834329073567E-002
  0.50000000000000022       7.49673891089528838E-002
  0.51250000000000018       7.33585470140177831E-002
  0.52500000000000013       7.18018007063958713E-002
  0.53750000000000009       7.02949988168530687E-002
  0.55000000000000004       6.88363613741469760E-002
  0.56250000000000000       6.74245562940003484E-002
  0.57499999999999996       6.60587995587992166E-002
  0.58749999999999991       6.47389919683615533E-002
  0.59999999999999987       6.34659049260178632E-002
  0.61249999999999982       6.22414269867444803E-002
  0.62499999999999978       6.10688809853082437E-002
  0.63749999999999973       5.99534174575185458E-002
  0.64999999999999969       5.89024828195867656E-002
  0.66249999999999964       5.79263496815836595E-002
  0.67499999999999960       5.70386812709623020E-002
  0.68749999999999956       5.62570819993846519E-002
  0.69999999999999951       5.56035621434307278E-002
  0.71249999999999947       5.51048183265645392E-002
  0.72499999999999942       5.47922070127523919E-002
  0.73749999999999938       5.47012715554893864E-002
  0.74999999999999933       5.48706816216045085E-002
  0.76249999999999929       5.53404644689874589E-002
  0.77499999999999925       5.61494576525431305E-002
  0.78749999999999920       5.73319971157810332E-002
  0.79999999999999916       5.89139722509229719E-002
  0.81249999999999911       6.09085196685459629E-002
  0.82499999999999907       6.33117688094485820E-002
  0.83749999999999902       6.60991654602947343E-002
  0.84999999999999898       6.92229494354976577E-002
  0.86249999999999893       7.26113179602043274E-002
  0.87499999999999889       7.61696475227962577E-002
  0.88749999999999885       7.97838793238098420E-002
  0.89999999999999880       8.33258315618224249E-002
  0.91249999999999876       8.66598482052246821E-002
  0.92499999999999871       8.96499070805624604E-002
  0.93749999999999867       9.21661586144491979E-002
  0.94999999999999862       9.40898751002169909E-002
  0.96249999999999858       9.53159414369503244E-002
  0.97499999999999853       9.57522829348333160E-002
  0.98749999999999849        0.0000000000000000     
  0.99999999999999845       0.10643716527640745     
