   0.0000000000000000       1.55839947005586047E-004
  1.25000000000000007E-002  6.15931273167905297E-004
  2.50000000000000014E-002  1.37286320563799339E-003
  3.75000000000000056E-002  2.41859255726146983E-003
  5.00000000000000028E-002  3.74430859635804239E-003
  6.25000000000000000E-002  5.34026473234940589E-003
  7.49999999999999972E-002  7.19562089523356416E-003
  8.74999999999999944E-002  9.29830303125459695E-003
  9.99999999999999917E-002  1.16348850556867254E-002
  0.11249999999999999       1.41904991200761856E-002
  0.12499999999999999       1.69487797719665885E-002
  0.13749999999999998       1.98918466854403550E-002
  0.14999999999999999       2.30003297100368070E-002
  0.16250000000000001       2.62534390686673877E-002
  0.17500000000000002       2.96290824255875315E-002
  0.18750000000000003       3.31040291267275938E-002
  0.20000000000000004       3.66541202186166995E-002
  0.21250000000000005       4.02545209896601405E-002
  0.22500000000000006       4.38800108738192293E-002
  0.23750000000000007       4.75053037251280050E-002
  0.25000000000000006       5.11053898180782312E-002
  0.26250000000000007       5.46558895684431667E-002
  0.27500000000000008       5.81334080274123685E-002
  0.28750000000000009       6.15158787898429441E-002
  0.30000000000000010       6.47828861287801788E-002
  0.31250000000000011       6.79159548976188132E-002
  0.32500000000000012       7.08987989463620016E-002
  0.33750000000000013       7.37175203929163053E-002
  0.35000000000000014       7.63607540146384323E-002
  0.36250000000000016       7.88197532257810946E-002
  0.37500000000000017       8.10884164851485567E-002
  0.38750000000000018       8.31632553734119734E-002
  0.40000000000000019       8.50433078081248434E-002
  0.41250000000000020       8.67300017896982661E-002
  0.42500000000000021       8.82269766277011674E-002
  0.43750000000000022       8.95398697513863639E-002
  0.45000000000000023       9.06760779154337643E-002
  0.46250000000000024       9.16445018215094054E-002
  0.47500000000000026       9.24552828929001147E-002
  0.48750000000000027       9.31195402588213400E-002
  0.50000000000000022       9.36491150758376467E-002
  0.51250000000000018       9.40563282550312962E-002
  0.52500000000000013       9.43537565120267374E-002
  0.53750000000000009       9.45540303925980069E-002
  0.55000000000000004       9.46696565525481232E-002
  0.56250000000000000       9.47128651798923860E-002
  0.57499999999999996       9.46954822071756769E-002
  0.58749999999999991       9.46288250087036764E-002
  0.59999999999999987       9.45236196211750035E-002
  0.61249999999999982       9.43899370819530487E-002
  0.62499999999999978       9.42371462049913650E-002
  0.63749999999999973       9.40738800598935748E-002
  0.64999999999999969       9.39080135887489509E-002
  0.66249999999999964       9.37466500332919672E-002
  0.67499999999999960       9.35961139998526676E-002
  0.68749999999999956       9.34619491818660802E-002
  0.69999999999999951       9.33489192918222493E-002
  0.71249999999999947       9.32610116335806233E-002
  0.72499999999999942       9.32014434807165587E-002
  0.73749999999999938       9.31726715590633914E-002
  0.74999999999999933       9.31764046599691531E-002
  0.76249999999999929       9.32136192971364519E-002
  0.77499999999999925       9.32845784086370894E-002
  0.78749999999999920       9.33888528784787286E-002
  0.79999999999999916       9.35253449127034092E-002
  0.81249999999999911       9.36923113601237506E-002
  0.82499999999999907       9.38873839546947031E-002
  0.83749999999999902       9.41075820428679266E-002
  0.84999999999999898       9.43493121099421295E-002
  0.86249999999999893       9.46083473563726352E-002
  0.87499999999999889       9.48797781855287570E-002
  0.88749999999999885       9.51579208706641588E-002
  0.89999999999999880       9.54361706619281935E-002
  0.91249999999999876       9.57067876106077603E-002
  0.92499999999999871       9.59606030604782251E-002
  0.93749999999999867       9.61866315930119120E-002
  0.94999999999999862       9.63715778295608366E-002
  0.96249999999999858       9.64992446295186157E-002
  0.97499999999999853       9.65498484664242818E-002
  0.98749999999999849        0.0000000000000000     
  0.99999999999999845       0.46020911078788357     
