   0.0000000000000000       8.60242499585940536E-005
  1.25000000000000007E-002  3.47397454278020143E-004
  2.50000000000000014E-002  7.88738859132073517E-004
  3.75000000000000056E-002  1.41512964736126051E-003
  5.00000000000000028E-002  2.23171293196346068E-003
  6.25000000000000000E-002  3.24339308143152408E-003
  7.49999999999999972E-002  4.45462695587327522E-003
  8.74999999999999944E-002  5.86929578020568832E-003
  9.99999999999999917E-002  7.49064723094074181E-003
  0.11249999999999999       9.32129871032135598E-003
  0.12499999999999999       1.13632942834464672E-002
  0.13749999999999998       1.36182092673325442E-002
  0.14999999999999999       1.60872981036583734E-002
  0.16250000000000001       1.87716829588381803E-002
  0.17500000000000002       2.16725824143343508E-002
  0.18750000000000003       2.47915815100695630E-002
  0.20000000000000004       2.81309460870544752E-002
  0.21250000000000005       3.16939855518878072E-002
  0.22500000000000006       3.54854684945335175E-002
  0.23750000000000007       3.95120946678398435E-002
  0.25000000000000006       4.37830241757059258E-002
  0.26250000000000007       4.83104590851077195E-002
  0.27500000000000008       5.31102615954286428E-002
  0.28750000000000009       5.82025727319772021E-002
  0.30000000000000010       6.36123614597686876E-002
  0.31250000000000011       6.93697790826938721E-002
  0.32500000000000012       7.55101074525443561E-002
  0.33750000000000013       8.20729594514983812E-002
  0.35000000000000014       8.91002071282984837E-002
  0.36250000000000016       9.66318817599118446E-002
  0.37500000000000017       0.10469905321509970     
  0.38750000000000018       0.11331257525753036     
  0.40000000000000019       0.12244684353101491     
  0.41250000000000020       0.13201880843908576     
  0.42500000000000021       0.14186497399452186     
  0.43750000000000022       0.15172320577945819     
  0.45000000000000023       0.16123063883015359     
  0.46250000000000024       0.16994972304802503     
  0.47500000000000026       0.17742505315101897     
  0.48750000000000027       0.18325282134514212     
  0.50000000000000022       0.18712990277443237     
  0.51250000000000018       0.18886778532626444     
  0.52500000000000013       0.18837985529294479     
  0.53750000000000009       0.18565873373710756     
  0.55000000000000004       0.18075630761962067     
  0.56250000000000000       0.17377188601645382     
  0.57499999999999996       0.16484852776578368     
  0.58749999999999991       0.15417485034885384     
  0.59999999999999987       0.14198873536530993     
  0.61249999999999982       0.12857946202962112     
  0.62499999999999978       0.11428549971098494     
  0.63749999999999973       9.94863248263631872E-002
  0.64999999999999969       8.45880803777262907E-002
  0.66249999999999964       7.00044243622846285E-002
  0.67499999999999960       5.61351423083361889E-002
  0.68749999999999956       4.33456653937957861E-002
  0.69999999999999951       3.19503701742081744E-002
  0.71249999999999947       2.22015647077894382E-002
  0.72499999999999942       1.42847514562784213E-002
  0.73749999999999938       8.31952543238873889E-003
  0.74999999999999933       4.36462845718226487E-003
  0.76249999999999929       2.42534755447140413E-003
  0.77499999999999925       2.46154689261665702E-003
  0.78749999999999920       4.39499140316502394E-003
  0.79999999999999916       8.11508266597962998E-003
  0.81249999999999911       1.34825595685217382E-002
  0.82499999999999907       2.03310584535250603E-002
  0.83749999999999902       2.84666763749864965E-002
  0.84999999999999898       3.76658718144614255E-002
  0.86249999999999893       4.76722285064406504E-002
  0.87499999999999889       5.81928697242947157E-002
  0.88749999999999885       6.88957103560079581E-002
  0.89999999999999880       7.94093143379323851E-002
  0.91249999999999876       8.93278443239017561E-002
  0.92499999999999871       9.82242077231824384E-002
  0.93749999999999867       0.10567439855657733     
  0.94999999999999862       0.11129405035290083     
  0.96249999999999858       0.11478279922763726     
  0.97499999999999853       0.11596235835329684     
  0.98749999999999849        0.0000000000000000     
  0.99999999999999845       9.80172576569032228E-002
