           1  1.00000000000000002E-002   0.0000000000000000     
           2  1.00000000000000002E-002  1.00000000000000002E-002
           3  1.00000000000000002E-002  2.00000000000000004E-002
           4  1.00000000000000002E-002  2.99999999999999989E-002
           5  1.00000000000000002E-002  4.00000000000000008E-002
           6  1.00000000000000002E-002  5.00000000000000028E-002
           7  1.00000000000000002E-002  6.00000000000000047E-002
           8  1.00000000000000002E-002  7.00000000000000067E-002
           9  1.00000000000000002E-002  8.00000000000000017E-002
          10  1.00000000000000002E-002  8.99999999999999967E-002
          11  1.00000000000000002E-002  9.99999999999999917E-002
          12  1.00000000000000002E-002  0.10999999999999999     
          13  1.00000000000000002E-002  0.11999999999999998     
          14  1.00000000000000002E-002  0.12999999999999998     
          15  1.00000000000000002E-002  0.13999999999999999     
          16  1.00000000000000002E-002  0.14999999999999999     
          17  1.00000000000000002E-002  0.16000000000000000     
          18  1.00000000000000002E-002  0.17000000000000001     
          19  1.00000000000000002E-002  0.18000000000000002     
          20  1.00000000000000002E-002  0.19000000000000003     
          21  1.00000000000000002E-002  0.20000000000000004     
          22  1.00000000000000002E-002  0.21000000000000005     
          23  1.00000000000000002E-002  0.22000000000000006     
          24  1.00000000000000002E-002  0.23000000000000007     
          25  1.00000000000000002E-002  0.24000000000000007     
          26  1.00000000000000002E-002  0.25000000000000006     
          27  1.00000000000000002E-002  0.26000000000000006     
          28  1.00000000000000002E-002  0.27000000000000007     
          29  1.00000000000000002E-002  0.28000000000000008     
          30  1.00000000000000002E-002  0.29000000000000009     
          31  1.00000000000000002E-002  0.30000000000000010     
          32  1.00000000000000002E-002  0.31000000000000011     
          33  1.00000000000000002E-002  0.32000000000000012     
          34  1.00000000000000002E-002  0.33000000000000013     
          35  1.00000000000000002E-002  0.34000000000000014     
          36  1.00000000000000002E-002  0.35000000000000014     
          37  1.00000000000000002E-002  0.36000000000000015     
          38  1.00000000000000002E-002  0.37000000000000016     
          39  1.00000000000000002E-002  0.38000000000000017     
          40  1.00000000000000002E-002  0.39000000000000018     
          41  1.00000000000000002E-002  0.40000000000000019     
          42  1.00000000000000002E-002  0.41000000000000020     
          43  1.00000000000000002E-002  0.42000000000000021     
          44  1.00000000000000002E-002  0.43000000000000022     
          45  1.00000000000000002E-002  0.44000000000000022     
          46  1.00000000000000002E-002  0.45000000000000023     
          47  1.00000000000000002E-002  0.46000000000000024     
          48  1.00000000000000002E-002  0.47000000000000025     
          49  1.00000000000000002E-002  0.48000000000000026     
          50  1.00000000000000002E-002  0.49000000000000027     
          51  1.00000000000000002E-002  0.50000000000000022     
          52  1.00000000000000002E-002  0.51000000000000023     
          53  1.00000000000000002E-002  0.52000000000000024     
          54  1.00000000000000002E-002  0.53000000000000025     
          55  1.00000000000000002E-002  0.54000000000000026     
          56  1.00000000000000002E-002  0.55000000000000027     
          57  1.00000000000000002E-002  0.56000000000000028     
          58  1.00000000000000002E-002  0.57000000000000028     
          59  1.00000000000000002E-002  0.58000000000000029     
          60  1.00000000000000002E-002  0.59000000000000030     
          61  1.00000000000000002E-002  0.60000000000000031     
          62  1.00000000000000002E-002  0.61000000000000032     
          63  1.00000000000000002E-002  0.62000000000000033     
          64  1.00000000000000002E-002  0.63000000000000034     
          65  1.00000000000000002E-002  0.64000000000000035     
          66  1.00000000000000002E-002  0.65000000000000036     
          67  1.00000000000000002E-002  0.66000000000000036     
          68  1.00000000000000002E-002  0.67000000000000037     
          69  1.00000000000000002E-002  0.68000000000000038     
          70  1.00000000000000002E-002  0.69000000000000039     
          71  1.00000000000000002E-002  0.70000000000000040     
          72  1.00000000000000002E-002  0.71000000000000041     
          73  1.00000000000000002E-002  0.72000000000000042     
          74  1.00000000000000002E-002  0.73000000000000043     
          75  1.00000000000000002E-002  0.74000000000000044     
          76  1.00000000000000002E-002  0.75000000000000044     
          77  1.00000000000000002E-002  0.76000000000000045     
          78  1.00000000000000002E-002  0.77000000000000046     
          79  1.00000000000000002E-002  0.78000000000000047     
          80  1.00000000000000002E-002  0.79000000000000048     
          81  1.00000000000000002E-002  0.80000000000000049     
          82  1.00000000000000002E-002  0.81000000000000050     
          83  1.00000000000000002E-002  0.82000000000000051     
          84  1.00000000000000002E-002  0.83000000000000052     
          85  1.00000000000000002E-002  0.84000000000000052     
          86  1.00000000000000002E-002  0.85000000000000053     
          87  1.00000000000000002E-002  0.86000000000000054     
          88  1.00000000000000002E-002  0.87000000000000055     
          89  1.00000000000000002E-002  0.88000000000000056     
          90  1.00000000000000002E-002  0.89000000000000057     
          91  1.00000000000000002E-002  0.90000000000000058     
          92  1.00000000000000002E-002  0.91000000000000059     
          93  1.00000000000000002E-002  0.92000000000000060     
          94  1.00000000000000002E-002  0.93000000000000060     
          95  1.00000000000000002E-002  0.94000000000000061     
          96  1.00000000000000002E-002  0.95000000000000062     
          97  1.00000000000000002E-002  0.96000000000000063     
          98  1.00000000000000002E-002  0.97000000000000064     
          99  1.00000000000000002E-002  0.98000000000000065     
         100  1.00000000000000002E-002  0.99000000000000066     
         101  1.00000000000000002E-002   1.0000000000000007     
         102  1.00000000000000002E-002   1.0100000000000007     
         103  1.00000000000000002E-002   1.0200000000000007     
         104  1.00000000000000002E-002   1.0300000000000007     
         105  1.00000000000000002E-002   1.0400000000000007     
         106  1.00000000000000002E-002   1.0500000000000007     
         107  1.00000000000000002E-002   1.0600000000000007     
         108  1.00000000000000002E-002   1.0700000000000007     
         109  1.00000000000000002E-002   1.0800000000000007     
         110  1.00000000000000002E-002   1.0900000000000007     
         111  1.00000000000000002E-002   1.1000000000000008     
         112  1.00000000000000002E-002   1.1100000000000008     
         113  1.00000000000000002E-002   1.1200000000000008     
         114  1.00000000000000002E-002   1.1300000000000008     
         115  1.00000000000000002E-002   1.1400000000000008     
         116  1.00000000000000002E-002   1.1500000000000008     
         117  1.00000000000000002E-002   1.1600000000000008     
         118  1.00000000000000002E-002   1.1700000000000008     
         119  1.00000000000000002E-002   1.1800000000000008     
         120  1.00000000000000002E-002   1.1900000000000008     
         121  1.00000000000000002E-002   1.2000000000000008     
         122  1.00000000000000002E-002   1.2100000000000009     
         123  1.00000000000000002E-002   1.2200000000000009     
         124  1.00000000000000002E-002   1.2300000000000009     
         125  1.00000000000000002E-002   1.2400000000000009     
         126  1.00000000000000002E-002   1.2500000000000009     
         127  1.00000000000000002E-002   1.2600000000000009     
         128  1.00000000000000002E-002   1.2700000000000009     
         129  1.00000000000000002E-002   1.2800000000000009     
         130  1.00000000000000002E-002   1.2900000000000009     
         131  1.00000000000000002E-002   1.3000000000000009     
         132  1.00000000000000002E-002   1.3100000000000009     
         133  1.00000000000000002E-002   1.3200000000000010     
         134  1.00000000000000002E-002   1.3300000000000010     
         135  1.00000000000000002E-002   1.3400000000000010     
         136  1.00000000000000002E-002   1.3500000000000010     
         137  1.00000000000000002E-002   1.3600000000000010     
         138  1.00000000000000002E-002   1.3700000000000010     
         139  1.00000000000000002E-002   1.3800000000000010     
         140  1.00000000000000002E-002   1.3900000000000010     
         141  1.00000000000000002E-002   1.4000000000000010     
         142  1.00000000000000002E-002   1.4100000000000010     
         143  1.00000000000000002E-002   1.4200000000000010     
         144  1.00000000000000002E-002   1.4300000000000010     
         145  1.00000000000000002E-002   1.4400000000000011     
         146  1.00000000000000002E-002   1.4500000000000011     
         147  1.00000000000000002E-002   1.4600000000000011     
         148  1.00000000000000002E-002   1.4700000000000011     
         149  1.00000000000000002E-002   1.4800000000000011     
         150  1.00000000000000002E-002   1.4900000000000011     
         151  1.00000000000000002E-002   1.5000000000000011     
         152  1.00000000000000002E-002   1.5100000000000011     
         153  1.00000000000000002E-002   1.5200000000000011     
         154  1.00000000000000002E-002   1.5300000000000011     
         155  1.00000000000000002E-002   1.5400000000000011     
         156  1.00000000000000002E-002   1.5500000000000012     
         157  1.00000000000000002E-002   1.5600000000000012     
         158  1.00000000000000002E-002   1.5700000000000012     
         159  1.00000000000000002E-002   1.5800000000000012     
         160  1.00000000000000002E-002   1.5900000000000012     
         161  1.00000000000000002E-002   1.6000000000000012     
         162  1.00000000000000002E-002   1.6100000000000012     
         163  1.00000000000000002E-002   1.6200000000000012     
         164  1.00000000000000002E-002   1.6300000000000012     
         165  1.00000000000000002E-002   1.6400000000000012     
         166  1.00000000000000002E-002   1.6500000000000012     
         167  1.00000000000000002E-002   1.6600000000000013     
         168  1.00000000000000002E-002   1.6700000000000013     
         169  1.00000000000000002E-002   1.6800000000000013     
         170  1.00000000000000002E-002   1.6900000000000013     
         171  1.00000000000000002E-002   1.7000000000000013     
         172  1.00000000000000002E-002   1.7100000000000013     
         173  1.00000000000000002E-002   1.7200000000000013     
         174  1.00000000000000002E-002   1.7300000000000013     
         175  1.00000000000000002E-002   1.7400000000000013     
         176  1.00000000000000002E-002   1.7500000000000013     
         177  1.00000000000000002E-002   1.7600000000000013     
         178  1.00000000000000002E-002   1.7700000000000014     
         179  1.00000000000000002E-002   1.7800000000000014     
         180  1.00000000000000002E-002   1.7900000000000014     
         181  1.00000000000000002E-002   1.8000000000000014     
         182  1.00000000000000002E-002   1.8100000000000014     
         183  1.00000000000000002E-002   1.8200000000000014     
         184  1.00000000000000002E-002   1.8300000000000014     
         185  1.00000000000000002E-002   1.8400000000000014     
         186  1.00000000000000002E-002   1.8500000000000014     
         187  1.00000000000000002E-002   1.8600000000000014     
         188  1.00000000000000002E-002   1.8700000000000014     
         189  1.00000000000000002E-002   1.8800000000000014     
         190  1.00000000000000002E-002   1.8900000000000015     
         191  1.00000000000000002E-002   1.9000000000000015     
         192  1.00000000000000002E-002   1.9100000000000015     
         193  1.00000000000000002E-002   1.9200000000000015     
         194  1.00000000000000002E-002   1.9300000000000015     
         195  1.00000000000000002E-002   1.9400000000000015     
         196  1.00000000000000002E-002   1.9500000000000015     
         197  1.00000000000000002E-002   1.9600000000000015     
         198  1.00000000000000002E-002   1.9700000000000015     
         199  1.00000000000000002E-002   1.9800000000000015     
         200  1.00000000000000002E-002   1.9900000000000015     
         201  1.00000000000000002E-002   2.0000000000000013     
         202  1.00000000000000002E-002   2.0100000000000011     
         203  1.00000000000000002E-002   2.0200000000000009     
         204  1.00000000000000002E-002   2.0300000000000007     
         205  1.00000000000000002E-002   2.0400000000000005     
         206  1.00000000000000002E-002   2.0500000000000003     
         207  1.00000000000000002E-002   2.0600000000000001     
         208  1.00000000000000002E-002   2.0699999999999998     
         209  1.00000000000000002E-002   2.0799999999999996     
         210  1.00000000000000002E-002   2.0899999999999994     
         211  1.00000000000000002E-002   2.0999999999999992     
         212  1.00000000000000002E-002   2.1099999999999990     
         213  1.00000000000000002E-002   2.1199999999999988     
         214  1.00000000000000002E-002   2.1299999999999986     
         215  1.00000000000000002E-002   2.1399999999999983     
         216  1.00000000000000002E-002   2.1499999999999981     
         217  1.00000000000000002E-002   2.1599999999999979     
         218  1.00000000000000002E-002   2.1699999999999977     
         219  1.00000000000000002E-002   2.1799999999999975     
         220  1.00000000000000002E-002   2.1899999999999973     
         221  1.00000000000000002E-002   2.1999999999999971     
         222  1.00000000000000002E-002   2.2099999999999969     
         223  1.00000000000000002E-002   2.2199999999999966     
         224  1.00000000000000002E-002   2.2299999999999964     
         225  1.00000000000000002E-002   2.2399999999999962     
         226  1.00000000000000002E-002   2.2499999999999960     
         227  1.00000000000000002E-002   2.2599999999999958     
         228  1.00000000000000002E-002   2.2699999999999956     
         229  1.00000000000000002E-002   2.2799999999999954     
         230  1.00000000000000002E-002   2.2899999999999952     
         231  1.00000000000000002E-002   2.2999999999999949     
         232  1.00000000000000002E-002   2.3099999999999947     
         233  1.00000000000000002E-002   2.3199999999999945     
         234  1.00000000000000002E-002   2.3299999999999943     
         235  1.00000000000000002E-002   2.3399999999999941     
         236  1.00000000000000002E-002   2.3499999999999939     
         237  1.00000000000000002E-002   2.3599999999999937     
         238  1.00000000000000002E-002   2.3699999999999934     
         239  1.00000000000000002E-002   2.3799999999999932     
         240  1.00000000000000002E-002   2.3899999999999930     
         241  1.00000000000000002E-002   2.3999999999999928     
         242  1.00000000000000002E-002   2.4099999999999926     
         243  1.00000000000000002E-002   2.4199999999999924     
         244  1.00000000000000002E-002   2.4299999999999922     
         245  1.00000000000000002E-002   2.4399999999999920     
         246  1.00000000000000002E-002   2.4499999999999917     
         247  1.00000000000000002E-002   2.4599999999999915     
         248  1.00000000000000002E-002   2.4699999999999913     
         249  1.00000000000000002E-002   2.4799999999999911     
         250  1.00000000000000002E-002   2.4899999999999909     
         251  1.00000000000000002E-002   2.4999999999999907     
         252  1.00000000000000002E-002   2.5099999999999905     
         253  1.00000000000000002E-002   2.5199999999999902     
         254  1.00000000000000002E-002   2.5299999999999900     
         255  1.00000000000000002E-002   2.5399999999999898     
         256  1.00000000000000002E-002   2.5499999999999896     
         257  1.00000000000000002E-002   2.5599999999999894     
         258  1.00000000000000002E-002   2.5699999999999892     
         259  1.00000000000000002E-002   2.5799999999999890     
         260  1.00000000000000002E-002   2.5899999999999888     
         261  1.00000000000000002E-002   2.5999999999999885     
         262  1.00000000000000002E-002   2.6099999999999883     
         263  1.00000000000000002E-002   2.6199999999999881     
         264  1.00000000000000002E-002   2.6299999999999879     
         265  1.00000000000000002E-002   2.6399999999999877     
         266  1.00000000000000002E-002   2.6499999999999875     
         267  1.00000000000000002E-002   2.6599999999999873     
         268  1.00000000000000002E-002   2.6699999999999871     
         269  1.00000000000000002E-002   2.6799999999999868     
         270  1.00000000000000002E-002   2.6899999999999866     
         271  1.00000000000000002E-002   2.6999999999999864     
         272  1.00000000000000002E-002   2.7099999999999862     
         273  1.00000000000000002E-002   2.7199999999999860     
         274  1.00000000000000002E-002   2.7299999999999858     
         275  1.00000000000000002E-002   2.7399999999999856     
         276  1.00000000000000002E-002   2.7499999999999853     
         277  1.00000000000000002E-002   2.7599999999999851     
         278  1.00000000000000002E-002   2.7699999999999849     
         279  1.00000000000000002E-002   2.7799999999999847     
         280  1.00000000000000002E-002   2.7899999999999845     
         281  1.00000000000000002E-002   2.7999999999999843     
         282  1.00000000000000002E-002   2.8099999999999841     
         283  1.00000000000000002E-002   2.8199999999999839     
         284  1.00000000000000002E-002   2.8299999999999836     
         285  1.00000000000000002E-002   2.8399999999999834     
         286  1.00000000000000002E-002   2.8499999999999832     
         287  1.00000000000000002E-002   2.8599999999999830     
         288  1.00000000000000002E-002   2.8699999999999828     
         289  1.00000000000000002E-002   2.8799999999999826     
         290  1.00000000000000002E-002   2.8899999999999824     
         291  1.00000000000000002E-002   2.8999999999999821     
         292  1.00000000000000002E-002   2.9099999999999819     
         293  1.00000000000000002E-002   2.9199999999999817     
         294  1.00000000000000002E-002   2.9299999999999815     
         295  1.00000000000000002E-002   2.9399999999999813     
         296  1.00000000000000002E-002   2.9499999999999811     
         297  1.00000000000000002E-002   2.9599999999999809     
         298  1.00000000000000002E-002   2.9699999999999807     
         299  1.00000000000000002E-002   2.9799999999999804     
         300  1.00000000000000002E-002   2.9899999999999802     
         301  1.00000000000000002E-002   2.9999999999999800     
         302  1.00000000000000002E-002   3.0099999999999798     
         303  1.00000000000000002E-002   3.0199999999999796     
         304  1.00000000000000002E-002   3.0299999999999794     
         305  1.00000000000000002E-002   3.0399999999999792     
         306  1.00000000000000002E-002   3.0499999999999790     
         307  1.00000000000000002E-002   3.0599999999999787     
         308  1.00000000000000002E-002   3.0699999999999785     
         309  1.00000000000000002E-002   3.0799999999999783     
         310  1.00000000000000002E-002   3.0899999999999781     
         311  1.00000000000000002E-002   3.0999999999999779     
         312  1.00000000000000002E-002   3.1099999999999777     
         313  1.00000000000000002E-002   3.1199999999999775     
         314  1.00000000000000002E-002   3.1299999999999772     
         315  1.00000000000000002E-002   3.1399999999999770     
         316  1.00000000000000002E-002   3.1499999999999768     
         317  1.00000000000000002E-002   3.1599999999999766     
         318  1.00000000000000002E-002   3.1699999999999764     
         319  1.00000000000000002E-002   3.1799999999999762     
         320  1.00000000000000002E-002   3.1899999999999760     
         321  1.00000000000000002E-002   3.1999999999999758     
         322  1.00000000000000002E-002   3.2099999999999755     
         323  1.00000000000000002E-002   3.2199999999999753     
         324  1.00000000000000002E-002   3.2299999999999751     
         325  1.00000000000000002E-002   3.2399999999999749     
         326  1.00000000000000002E-002   3.2499999999999747     
         327  1.00000000000000002E-002   3.2599999999999745     
         328  1.00000000000000002E-002   3.2699999999999743     
         329  1.00000000000000002E-002   3.2799999999999740     
         330  1.00000000000000002E-002   3.2899999999999738     
         331  1.00000000000000002E-002   3.2999999999999736     
         332  1.00000000000000002E-002   3.3099999999999734     
         333  1.00000000000000002E-002   3.3199999999999732     
         334  1.00000000000000002E-002   3.3299999999999730     
         335  1.00000000000000002E-002   3.3399999999999728     
         336  1.00000000000000002E-002   3.3499999999999726     
         337  1.00000000000000002E-002   3.3599999999999723     
         338  1.00000000000000002E-002   3.3699999999999721     
         339  1.00000000000000002E-002   3.3799999999999719     
         340  1.00000000000000002E-002   3.3899999999999717     
         341  1.00000000000000002E-002   3.3999999999999715     
         342  1.00000000000000002E-002   3.4099999999999713     
         343  1.00000000000000002E-002   3.4199999999999711     
         344  1.00000000000000002E-002   3.4299999999999708     
         345  1.00000000000000002E-002   3.4399999999999706     
         346  1.00000000000000002E-002   3.4499999999999704     
         347  1.00000000000000002E-002   3.4599999999999702     
         348  1.00000000000000002E-002   3.4699999999999700     
         349  1.00000000000000002E-002   3.4799999999999698     
         350  1.00000000000000002E-002   3.4899999999999696     
         351  1.00000000000000002E-002   3.4999999999999694     
         352  1.00000000000000002E-002   3.5099999999999691     
         353  1.00000000000000002E-002   3.5199999999999689     
         354  1.00000000000000002E-002   3.5299999999999687     
         355  1.00000000000000002E-002   3.5399999999999685     
         356  1.00000000000000002E-002   3.5499999999999683     
         357  1.00000000000000002E-002   3.5599999999999681     
         358  1.00000000000000002E-002   3.5699999999999679     
         359  1.00000000000000002E-002   3.5799999999999677     
         360  1.00000000000000002E-002   3.5899999999999674     
         361  1.00000000000000002E-002   3.5999999999999672     
         362  1.00000000000000002E-002   3.6099999999999670     
         363  1.00000000000000002E-002   3.6199999999999668     
         364  1.00000000000000002E-002   3.6299999999999666     
         365  1.00000000000000002E-002   3.6399999999999664     
         366  1.00000000000000002E-002   3.6499999999999662     
         367  1.00000000000000002E-002   3.6599999999999659     
         368  1.00000000000000002E-002   3.6699999999999657     
         369  1.00000000000000002E-002   3.6799999999999655     
         370  1.00000000000000002E-002   3.6899999999999653     
         371  1.00000000000000002E-002   3.6999999999999651     
         372  1.00000000000000002E-002   3.7099999999999649     
         373  1.00000000000000002E-002   3.7199999999999647     
         374  1.00000000000000002E-002   3.7299999999999645     
         375  1.00000000000000002E-002   3.7399999999999642     
         376  1.00000000000000002E-002   3.7499999999999640     
         377  1.00000000000000002E-002   3.7599999999999638     
         378  1.00000000000000002E-002   3.7699999999999636     
         379  1.00000000000000002E-002   3.7799999999999634     
         380  1.00000000000000002E-002   3.7899999999999632     
         381  1.00000000000000002E-002   3.7999999999999630     
         382  1.00000000000000002E-002   3.8099999999999627     
         383  1.00000000000000002E-002   3.8199999999999625     
         384  1.00000000000000002E-002   3.8299999999999623     
         385  1.00000000000000002E-002   3.8399999999999621     
         386  1.00000000000000002E-002   3.8499999999999619     
         387  1.00000000000000002E-002   3.8599999999999617     
         388  1.00000000000000002E-002   3.8699999999999615     
         389  1.00000000000000002E-002   3.8799999999999613     
         390  1.00000000000000002E-002   3.8899999999999610     
         391  1.00000000000000002E-002   3.8999999999999608     
         392  1.00000000000000002E-002   3.9099999999999606     
         393  1.00000000000000002E-002   3.9199999999999604     
         394  1.00000000000000002E-002   3.9299999999999602     
         395  1.00000000000000002E-002   3.9399999999999600     
         396  1.00000000000000002E-002   3.9499999999999598     
         397  1.00000000000000002E-002   3.9599999999999596     
         398  1.00000000000000002E-002   3.9699999999999593     
         399  1.00000000000000002E-002   3.9799999999999591     
         400  1.00000000000000002E-002   3.9899999999999589     
         401  1.00000000000000002E-002   3.9999999999999587     
         402  1.00000000000000002E-002   4.0099999999999589     
         403  1.00000000000000002E-002   4.0199999999999587     
         404  1.00000000000000002E-002   4.0299999999999585     
         405  1.00000000000000002E-002   4.0399999999999583     
         406  1.00000000000000002E-002   4.0499999999999581     
         407  1.00000000000000002E-002   4.0599999999999579     
         408  1.00000000000000002E-002   4.0699999999999577     
         409  1.00000000000000002E-002   4.0799999999999574     
         410  1.00000000000000002E-002   4.0899999999999572     
         411  1.00000000000000002E-002   4.0999999999999570     
         412  1.00000000000000002E-002   4.1099999999999568     
         413  1.00000000000000002E-002   4.1199999999999566     
         414  1.00000000000000002E-002   4.1299999999999564     
         415  1.00000000000000002E-002   4.1399999999999562     
         416  1.00000000000000002E-002   4.1499999999999559     
         417  1.00000000000000002E-002   4.1599999999999557     
         418  1.00000000000000002E-002   4.1699999999999555     
         419  1.00000000000000002E-002   4.1799999999999553     
         420  1.00000000000000002E-002   4.1899999999999551     
         421  1.00000000000000002E-002   4.1999999999999549     
         422  1.00000000000000002E-002   4.2099999999999547     
         423  1.00000000000000002E-002   4.2199999999999545     
         424  1.00000000000000002E-002   4.2299999999999542     
         425  1.00000000000000002E-002   4.2399999999999540     
         426  1.00000000000000002E-002   4.2499999999999538     
         427  1.00000000000000002E-002   4.2599999999999536     
         428  1.00000000000000002E-002   4.2699999999999534     
         429  1.00000000000000002E-002   4.2799999999999532     
         430  1.00000000000000002E-002   4.2899999999999530     
         431  1.00000000000000002E-002   4.2999999999999527     
         432  1.00000000000000002E-002   4.3099999999999525     
         433  1.00000000000000002E-002   4.3199999999999523     
         434  1.00000000000000002E-002   4.3299999999999521     
         435  1.00000000000000002E-002   4.3399999999999519     
         436  1.00000000000000002E-002   4.3499999999999517     
         437  1.00000000000000002E-002   4.3599999999999515     
         438  1.00000000000000002E-002   4.3699999999999513     
         439  1.00000000000000002E-002   4.3799999999999510     
         440  1.00000000000000002E-002   4.3899999999999508     
         441  1.00000000000000002E-002   4.3999999999999506     
         442  1.00000000000000002E-002   4.4099999999999504     
         443  1.00000000000000002E-002   4.4199999999999502     
         444  1.00000000000000002E-002   4.4299999999999500     
         445  1.00000000000000002E-002   4.4399999999999498     
         446  1.00000000000000002E-002   4.4499999999999496     
         447  1.00000000000000002E-002   4.4599999999999493     
         448  1.00000000000000002E-002   4.4699999999999491     
         449  1.00000000000000002E-002   4.4799999999999489     
         450  1.00000000000000002E-002   4.4899999999999487     
         451  1.00000000000000002E-002   4.4999999999999485     
         452  1.00000000000000002E-002   4.5099999999999483     
         453  1.00000000000000002E-002   4.5199999999999481     
         454  1.00000000000000002E-002   4.5299999999999478     
         455  1.00000000000000002E-002   4.5399999999999476     
         456  1.00000000000000002E-002   4.5499999999999474     
         457  1.00000000000000002E-002   4.5599999999999472     
         458  1.00000000000000002E-002   4.5699999999999470     
         459  1.00000000000000002E-002   4.5799999999999468     
         460  1.00000000000000002E-002   4.5899999999999466     
         461  1.00000000000000002E-002   4.5999999999999464     
         462  1.00000000000000002E-002   4.6099999999999461     
         463  1.00000000000000002E-002   4.6199999999999459     
         464  1.00000000000000002E-002   4.6299999999999457     
         465  1.00000000000000002E-002   4.6399999999999455     
         466  1.00000000000000002E-002   4.6499999999999453     
         467  1.00000000000000002E-002   4.6599999999999451     
         468  1.00000000000000002E-002   4.6699999999999449     
         469  1.00000000000000002E-002   4.6799999999999446     
         470  1.00000000000000002E-002   4.6899999999999444     
         471  1.00000000000000002E-002   4.6999999999999442     
         472  1.00000000000000002E-002   4.7099999999999440     
         473  1.00000000000000002E-002   4.7199999999999438     
         474  1.00000000000000002E-002   4.7299999999999436     
         475  1.00000000000000002E-002   4.7399999999999434     
         476  1.00000000000000002E-002   4.7499999999999432     
         477  1.00000000000000002E-002   4.7599999999999429     
         478  1.00000000000000002E-002   4.7699999999999427     
         479  1.00000000000000002E-002   4.7799999999999425     
         480  1.00000000000000002E-002   4.7899999999999423     
         481  1.00000000000000002E-002   4.7999999999999421     
         482  1.00000000000000002E-002   4.8099999999999419     
         483  1.00000000000000002E-002   4.8199999999999417     
         484  1.00000000000000002E-002   4.8299999999999415     
         485  1.00000000000000002E-002   4.8399999999999412     
         486  1.00000000000000002E-002   4.8499999999999410     
         487  1.00000000000000002E-002   4.8599999999999408     
         488  1.00000000000000002E-002   4.8699999999999406     
         489  1.00000000000000002E-002   4.8799999999999404     
         490  1.00000000000000002E-002   4.8899999999999402     
         491  1.00000000000000002E-002   4.8999999999999400     
         492  1.00000000000000002E-002   4.9099999999999397     
         493  1.00000000000000002E-002   4.9199999999999395     
         494  1.00000000000000002E-002   4.9299999999999393     
         495  1.00000000000000002E-002   4.9399999999999391     
         496  1.00000000000000002E-002   4.9499999999999389     
         497  1.00000000000000002E-002   4.9599999999999387     
         498  1.00000000000000002E-002   4.9699999999999385     
         499  1.00000000000000002E-002   4.9799999999999383     
         500  1.00000000000000002E-002   4.9899999999999380     
         501  1.00000000000000002E-002   4.9999999999999378     
