   0.0000000000000000       0.46438858711995212     
  1.00000000000000002E-002  0.55679017081749849     
  2.00000000000000004E-002  0.64417520861948452     
  2.99999999999999989E-002  0.72597272279141134     
  4.00000000000000008E-002  0.80164395399608790     
  5.00000000000000028E-002  0.87072076358922823     
  6.00000000000000047E-002  0.93284087315549091     
  7.00000000000000067E-002  0.98777656094156585     
  8.00000000000000017E-002   1.0354539462839583     
  8.99999999999999967E-002   1.0759609881484287     
  9.99999999999999917E-002   1.1095436376117398     
  0.10999999999999999        1.1365909753649295     
  0.11999999999999998        1.1576113795649416     
  0.12999999999999998        1.1732026052794400     
  0.13999999999999999        1.1840190114320344     
  0.14999999999999999        1.1907390509498552     
  0.16000000000000000        1.1940356399184986     
  0.17000000000000001        1.1945512872622923     
  0.18000000000000002        1.1928790519748091     
  0.19000000000000003        1.1895496310863882     
  0.20000000000000004        1.1850242579900545     
  0.21000000000000005        1.1796926517890574     
  0.22000000000000006        1.1738750090759729     
  0.23000000000000007        1.1678269471887626     
  0.24000000000000007        1.1617463542077942     
  0.25000000000000006        1.1557812327092170     
  0.26000000000000006        1.1500378015068795     
  0.27000000000000007        1.1445883097150529     
  0.28000000000000008        1.1394781971014056     
  0.29000000000000009        1.1347323895392007     
  0.30000000000000010        1.1303606416839438     
  0.31000000000000011        1.1263619297653911     
  0.32000000000000012        1.1227279583294612     
  0.33000000000000013        1.1194458806833121     
  0.34000000000000014        1.1165003492555623     
  0.35000000000000014        1.1138750145216216     
  0.36000000000000015        1.1115535843419906     
  0.37000000000000016        1.1095205433931636     
  0.38000000000000017        1.1077616177545824     
  0.39000000000000018        1.1062640546900298     
  0.40000000000000019        1.1050167735281284     
  0.41000000000000020        1.1040104310278949     
  0.42000000000000021        1.1032374340140736     
  0.43000000000000022        1.1026919233989569     
  0.44000000000000022        1.1023697468073137     
  0.45000000000000023        1.1022684316208622     
  0.46000000000000024        1.1023871660398716     
  0.47000000000000025        1.1027267923847388     
  0.48000000000000026        1.1032898139900122     
  0.49000000000000027        1.1040804143399088     
  0.50000000000000022        1.1051044842221249     
  0.51000000000000023        1.1063696492980457     
  0.52000000000000024        1.1078852862619426     
  0.53000000000000025        1.1096625103513968     
  0.54000000000000026        1.1117141100564323     
  0.55000000000000027        1.1140543961863363     
  0.56000000000000028        1.1166989218245540     
  0.57000000000000028        1.1196640171478442     
  0.58000000000000029        1.1229660689082512     
  0.59000000000000030        1.1266204592995339     
  0.60000000000000031        1.1306400642559571     
  0.61000000000000032        1.1350331990044964     
  0.62000000000000033        1.1398008918377309     
  0.63000000000000034        1.1449333694795161     
  0.64000000000000035        1.1504056538757919     
  0.65000000000000036        1.1561722062174855     
  0.66000000000000036        1.1621606150786106     
  0.67000000000000037        1.1682644165491121     
  0.68000000000000038        1.1743352579042401     
  0.69000000000000039        1.1801747716595383     
  0.70000000000000040        1.1855267070782940     
  0.71000000000000041        1.1900700569641747     
  0.72000000000000042        1.1934140954966572     
  0.73000000000000043        1.1950963753217965     
  0.74000000000000044        1.1945847790009103     
  0.75000000000000044        1.1912846382109368     
  0.76000000000000045        1.1845516855501683     
  0.77000000000000046        1.1737111657109895     
  0.78000000000000047        1.1580828102340206     
  0.79000000000000048        1.1370106170694911     
  0.80000000000000049        1.1098955614275929     
  0.81000000000000050        1.0762286270143617     
  0.82000000000000051        1.0356210385304383     
  0.83000000000000052       0.98782844050506446     
  0.84000000000000052       0.93276609951467815     
  0.85000000000000053       0.87051301780354562     
  0.86000000000000054       0.80130404397160315     
  0.87000000000000055       0.72551046323500668     
  0.88000000000000056       0.64361090080783767     
  0.89000000000000057       0.55615543193740358     
  0.90000000000000058       0.46372637497197333     
  0.91000000000000059       0.36689926655409716     
  0.92000000000000060       0.26620701624599252     
  0.93000000000000060       0.16210934797058266     
  0.94000000000000061       5.49685488295344540E-002
  0.95000000000000062      -5.49685410381543921E-002
  0.96000000000000063      -5.57675211770654669E-002
  0.97000000000000064       5.57675211559452710E-002
  0.98000000000000065       0.16438070325921136     
  0.99000000000000066       0.26981318678468319     
   1.0000000000000007       0.37168649383079588     
