   0.0000000000000000        1.0000000000000000     
  1.25000000000000007E-002  0.96229842307147273     
  2.50000000000000014E-002  0.92461023804811648     
  3.75000000000000056E-002  0.88699856612283368     
  5.00000000000000028E-002  0.84957216631045696     
  6.25000000000000000E-002  0.81248112316466359     
  7.49999999999999972E-002  0.77591222885627653     
  8.74999999999999944E-002  0.74008400950763820     
  9.99999999999999917E-002  0.70524137751732907     
  0.11249999999999999       0.67164992134708446     
  0.12499999999999999       0.63958987155253944     
  0.13749999999999998       0.60934980633182245     
  0.14999999999999999       0.58122018116909069     
  0.16250000000000001       0.55548678497262116     
  0.17500000000000002       0.53242423927024218     
  0.18750000000000003       0.51228966745686855     
  0.20000000000000004       0.49531666778730143     
  0.21250000000000005       0.48170972678565754     
  0.22500000000000006       0.47163920897727901     
  0.23750000000000007       0.46523705424385425     
  0.25000000000000006       0.46259330548092309     
  0.26250000000000007       0.46375357636408815     
  0.27500000000000008       0.46871755166913998     
  0.28750000000000009       0.47743859059015314     
  0.30000000000000010       0.48982447690575120     
  0.31250000000000011       0.50573932903095020     
  0.32500000000000012       0.52500664877905534     
  0.33750000000000013       0.54741345138646302     
  0.35000000000000014       0.57271538289003066     
  0.36250000000000016       0.60064269658851088     
  0.37500000000000017       0.63090693059289393     
  0.38750000000000018       0.66320810585266943     
  0.40000000000000019       0.69724225065479162     
  0.41250000000000020       0.73270905491281002     
  0.42500000000000021       0.76931946625794156     
  0.43750000000000022       0.80680305979914302     
  0.45000000000000023       0.84491504343032975     
  0.46250000000000024       0.88344279913045942     
  0.47500000000000026       0.92221190590302204     
  0.48750000000000027       0.96109163988307311     
  0.50000000000000022        1.0000000000000000     
  0.51250000000000018        1.0000000000000000     
  0.52500000000000013        1.0000000000000000     
  0.53750000000000009        1.0000000000000000     
  0.55000000000000004        1.0000000000000000     
  0.56250000000000000        1.0000000000000000     
  0.57499999999999996        1.0000000000000000     
  0.58749999999999991        1.0000000000000000     
  0.59999999999999987        1.0000000000000000     
  0.61249999999999982        1.0000000000000000     
  0.62499999999999978        1.0000000000000000     
  0.63749999999999973        1.0000000000000000     
  0.64999999999999969        1.0000000000000000     
  0.66249999999999964        1.0000000000000000     
  0.67499999999999960        1.0000000000000000     
  0.68749999999999956        1.0000000000000000     
  0.69999999999999951        1.0000000000000000     
  0.71249999999999947        1.0000000000000000     
  0.72499999999999942        1.0000000000000000     
  0.73749999999999938        1.0000000000000000     
  0.74999999999999933        1.0000000000000000     
  0.76249999999999929        1.0000000000000000     
  0.77499999999999925        1.0000000000000000     
  0.78749999999999920        1.0000000000000000     
  0.79999999999999916        1.0000000000000000     
  0.81249999999999911        1.0000000000000000     
  0.82499999999999907        1.0000000000000000     
  0.83749999999999902        1.0000000000000000     
  0.84999999999999898        1.0000000000000000     
  0.86249999999999893        1.0000000000000000     
  0.87499999999999889        1.0000000000000000     
  0.88749999999999885        1.0000000000000000     
  0.89999999999999880        1.0000000000000000     
  0.91249999999999876        1.0000000000000000     
  0.92499999999999871        1.0000000000000000     
  0.93749999999999867        1.0000000000000000     
  0.94999999999999862        1.0000000000000000     
  0.96249999999999858        1.0000000000000000     
  0.97499999999999853        1.0000000000000000     
  0.98749999999999849        1.0000000000000000     
  0.99999999999999845        1.0000000000000000     
