   0.0000000000000000        1.0000000000000000     
  1.25000000000000007E-002  0.96745176664752741     
  2.50000000000000014E-002  0.93491864659117763     
  3.75000000000000056E-002  0.90245594799511386     
  5.00000000000000028E-002  0.87015726555618234     
  6.25000000000000000E-002  0.83815223196712896     
  7.49999999999999972E-002  0.80660312289704261     
  8.74999999999999944E-002  0.77570046461531494     
  9.99999999999999917E-002  0.74565803801000852     
  0.11249999999999999       0.71670756744541497     
  0.12499999999999999       0.68909322470525447     
  0.13749999999999998       0.66306599285313894     
  0.14999999999999999       0.63887792539454458     
  0.16250000000000001       0.61677636352337895     
  0.17500000000000002       0.59699820596492503     
  0.18750000000000003       0.57976434806138810     
  0.20000000000000004       0.56527441777018028     
  0.21250000000000005       0.55370193881933039     
  0.22500000000000006       0.54519004784804925     
  0.23750000000000007       0.53984788419249263     
  0.25000000000000006       0.53774775846573442     
  0.26250000000000007       0.53892318936477401     
  0.27500000000000008       0.54336787742859449     
  0.28750000000000009       0.55103566020383932     
  0.30000000000000010       0.56184146614516195     
  0.31250000000000011       0.57566325553831921     
  0.32500000000000012       0.59234490695822672     
  0.33750000000000013       0.61169997859208680     
  0.35000000000000014       0.63351624658366856     
  0.36250000000000016       0.65756089884503410     
  0.37500000000000017       0.68358624411141977     
  0.38750000000000018       0.71133578434804279     
  0.40000000000000019       0.74055049662314198     
  0.41250000000000020       0.77097518121299802     
  0.42500000000000021       0.80236475660861917     
  0.43750000000000022       0.83449041132596158     
  0.45000000000000023       0.86714553365970681     
  0.46250000000000024       0.90015129904388747     
  0.47500000000000026       0.93336168787984441     
  0.48750000000000027       0.96666761381102884     
  0.50000000000000022        1.0000000000000000     
  0.51250000000000018        1.0000000000000000     
  0.52500000000000013        1.0000000000000000     
  0.53750000000000009        1.0000000000000000     
  0.55000000000000004        1.0000000000000000     
  0.56250000000000000        1.0000000000000000     
  0.57499999999999996        1.0000000000000000     
  0.58749999999999991        1.0000000000000000     
  0.59999999999999987        1.0000000000000000     
  0.61249999999999982        1.0000000000000000     
  0.62499999999999978        1.0000000000000000     
  0.63749999999999973        1.0000000000000000     
  0.64999999999999969        1.0000000000000000     
  0.66249999999999964        1.0000000000000000     
  0.67499999999999960        1.0000000000000000     
  0.68749999999999956        1.0000000000000000     
  0.69999999999999951        1.0000000000000000     
  0.71249999999999947        1.0000000000000000     
  0.72499999999999942        1.0000000000000000     
  0.73749999999999938        1.0000000000000000     
  0.74999999999999933        1.0000000000000000     
  0.76249999999999929        1.0000000000000000     
  0.77499999999999925        1.0000000000000000     
  0.78749999999999920        1.0000000000000000     
  0.79999999999999916        1.0000000000000000     
  0.81249999999999911        1.0000000000000000     
  0.82499999999999907        1.0000000000000000     
  0.83749999999999902        1.0000000000000000     
  0.84999999999999898        1.0000000000000000     
  0.86249999999999893        1.0000000000000000     
  0.87499999999999889        1.0000000000000000     
  0.88749999999999885        1.0000000000000000     
  0.89999999999999880        1.0000000000000000     
  0.91249999999999876        1.0000000000000000     
  0.92499999999999871        1.0000000000000000     
  0.93749999999999867        1.0000000000000000     
  0.94999999999999862        1.0000000000000000     
  0.96249999999999858        1.0000000000000000     
  0.97499999999999853        1.0000000000000000     
  0.98749999999999849        1.0000000000000000     
  0.99999999999999845        1.0000000000000000     
