           1  1.66666666666666664E-002   0.0000000000000000     
           2  1.66666666666666664E-002  1.66666666666666664E-002
           3  1.66666666666666664E-002  3.33333333333333329E-002
           4  1.66666666666666664E-002  5.00000000000000028E-002
           5  1.66666666666666664E-002  6.66666666666666657E-002
           6  1.66666666666666664E-002  8.33333333333333287E-002
           7  1.66666666666666664E-002  9.99999999999999917E-002
           8  1.66666666666666664E-002  0.11666666666666665     
           9  1.66666666666666664E-002  0.13333333333333333     
          10  1.66666666666666664E-002  0.14999999999999999     
          11  1.66666666666666664E-002  0.16666666666666666     
          12  1.66666666666666664E-002  0.18333333333333332     
          13  1.66666666666666664E-002  0.19999999999999998     
          14  1.66666666666666664E-002  0.21666666666666665     
          15  1.66666666666666664E-002  0.23333333333333331     
          16  1.66666666666666664E-002  0.24999999999999997     
          17  1.66666666666666664E-002  0.26666666666666666     
          18  1.66666666666666664E-002  0.28333333333333333     
          19  1.66666666666666664E-002  0.29999999999999999     
          20  1.66666666666666664E-002  0.31666666666666665     
          21  1.66666666666666664E-002  0.33333333333333331     
          22  1.66666666666666664E-002  0.34999999999999998     
          23  1.66666666666666664E-002  0.36666666666666664     
          24  1.66666666666666664E-002  0.38333333333333330     
          25  1.66666666666666664E-002  0.39999999999999997     
          26  1.66666666666666664E-002  0.41666666666666663     
          27  1.66666666666666664E-002  0.43333333333333329     
          28  1.66666666666666664E-002  0.44999999999999996     
          29  1.66666666666666664E-002  0.46666666666666662     
          30  1.66666666666666664E-002  0.48333333333333328     
          31  1.66666666666666664E-002  0.49999999999999994     
          32  1.66666666666666664E-002  0.51666666666666661     
          33  1.66666666666666664E-002  0.53333333333333333     
          34  1.66666666666666664E-002  0.55000000000000004     
          35  1.66666666666666664E-002  0.56666666666666676     
          36  1.66666666666666664E-002  0.58333333333333348     
          37  1.66666666666666664E-002  0.60000000000000020     
          38  1.66666666666666664E-002  0.61666666666666692     
          39  1.66666666666666664E-002  0.63333333333333364     
          40  1.66666666666666664E-002  0.65000000000000036     
          41  1.66666666666666664E-002  0.66666666666666707     
          42  1.66666666666666664E-002  0.68333333333333379     
          43  1.66666666666666664E-002  0.70000000000000051     
          44  1.66666666666666664E-002  0.71666666666666723     
          45  1.66666666666666664E-002  0.73333333333333395     
          46  1.66666666666666664E-002  0.75000000000000067     
          47  1.66666666666666664E-002  0.76666666666666738     
          48  1.66666666666666664E-002  0.78333333333333410     
          49  1.66666666666666664E-002  0.80000000000000082     
          50  1.66666666666666664E-002  0.81666666666666754     
          51  1.66666666666666664E-002  0.83333333333333426     
          52  1.66666666666666664E-002  0.85000000000000098     
          53  1.66666666666666664E-002  0.86666666666666770     
          54  1.66666666666666664E-002  0.88333333333333441     
          55  1.66666666666666664E-002  0.90000000000000113     
          56  1.66666666666666664E-002  0.91666666666666785     
          57  1.66666666666666664E-002  0.93333333333333457     
          58  1.66666666666666664E-002  0.95000000000000129     
          59  1.66666666666666664E-002  0.96666666666666801     
          60  1.66666666666666664E-002  0.98333333333333472     
          61  1.66666666666666664E-002   1.0000000000000013     
          62  1.66666666666666664E-002   1.0166666666666679     
          63  1.66666666666666664E-002   1.0333333333333345     
          64  1.66666666666666664E-002   1.0500000000000012     
          65  1.66666666666666664E-002   1.0666666666666678     
          66  1.66666666666666664E-002   1.0833333333333344     
          67  1.66666666666666664E-002   1.1000000000000010     
          68  1.66666666666666664E-002   1.1166666666666676     
          69  1.66666666666666664E-002   1.1333333333333342     
          70  1.66666666666666664E-002   1.1500000000000008     
          71  1.66666666666666664E-002   1.1666666666666674     
          72  1.66666666666666664E-002   1.1833333333333340     
          73  1.66666666666666664E-002   1.2000000000000006     
          74  1.66666666666666664E-002   1.2166666666666672     
          75  1.66666666666666664E-002   1.2333333333333338     
          76  1.66666666666666664E-002   1.2500000000000004     
          77  1.66666666666666664E-002   1.2666666666666671     
          78  1.66666666666666664E-002   1.2833333333333337     
          79  1.66666666666666664E-002   1.3000000000000003     
          80  1.66666666666666664E-002   1.3166666666666669     
          81  1.66666666666666664E-002   1.3333333333333335     
          82  1.66666666666666664E-002   1.3500000000000001     
          83  1.66666666666666664E-002   1.3666666666666667     
          84  1.66666666666666664E-002   1.3833333333333333     
          85  1.66666666666666664E-002   1.3999999999999999     
          86  1.66666666666666664E-002   1.4166666666666665     
          87  1.66666666666666664E-002   1.4333333333333331     
          88  1.66666666666666664E-002   1.4499999999999997     
          89  1.66666666666666664E-002   1.4666666666666663     
          90  1.66666666666666664E-002   1.4833333333333329     
          91  1.66666666666666664E-002   1.4999999999999996     
          92  1.66666666666666664E-002   1.5166666666666662     
          93  1.66666666666666664E-002   1.5333333333333328     
          94  1.66666666666666664E-002   1.5499999999999994     
          95  1.66666666666666664E-002   1.5666666666666660     
          96  1.66666666666666664E-002   1.5833333333333326     
          97  1.66666666666666664E-002   1.5999999999999992     
          98  1.66666666666666664E-002   1.6166666666666658     
          99  1.66666666666666664E-002   1.6333333333333324     
         100  1.66666666666666664E-002   1.6499999999999990     
         101  1.66666666666666664E-002   1.6666666666666656     
         102  1.66666666666666664E-002   1.6833333333333322     
         103  1.66666666666666664E-002   1.6999999999999988     
         104  1.66666666666666664E-002   1.7166666666666655     
         105  1.66666666666666664E-002   1.7333333333333321     
         106  1.66666666666666664E-002   1.7499999999999987     
         107  1.66666666666666664E-002   1.7666666666666653     
         108  1.66666666666666664E-002   1.7833333333333319     
         109  1.66666666666666664E-002   1.7999999999999985     
         110  1.66666666666666664E-002   1.8166666666666651     
         111  1.66666666666666664E-002   1.8333333333333317     
         112  1.66666666666666664E-002   1.8499999999999983     
         113  1.66666666666666664E-002   1.8666666666666649     
         114  1.66666666666666664E-002   1.8833333333333315     
         115  1.66666666666666664E-002   1.8999999999999981     
         116  1.66666666666666664E-002   1.9166666666666647     
         117  1.66666666666666664E-002   1.9333333333333313     
         118  1.66666666666666664E-002   1.9499999999999980     
         119  1.66666666666666664E-002   1.9666666666666646     
         120  1.66666666666666664E-002   1.9833333333333312     
         121  1.66666666666666664E-002   1.9999999999999978     
         122  1.66666666666666664E-002   2.0166666666666644     
         123  1.66666666666666664E-002   2.0333333333333310     
         124  1.66666666666666664E-002   2.0499999999999976     
         125  1.66666666666666664E-002   2.0666666666666642     
         126  1.66666666666666664E-002   2.0833333333333308     
         127  1.66666666666666664E-002   2.0999999999999974     
         128  1.66666666666666664E-002   2.1166666666666640     
         129  1.66666666666666664E-002   2.1333333333333306     
         130  1.66666666666666664E-002   2.1499999999999972     
         131  1.66666666666666664E-002   2.1666666666666639     
         132  1.66666666666666664E-002   2.1833333333333305     
         133  1.66666666666666664E-002   2.1999999999999971     
         134  1.66666666666666664E-002   2.2166666666666637     
         135  1.66666666666666664E-002   2.2333333333333303     
         136  1.66666666666666664E-002   2.2499999999999969     
         137  1.66666666666666664E-002   2.2666666666666635     
         138  1.66666666666666664E-002   2.2833333333333301     
         139  1.66666666666666664E-002   2.2999999999999967     
         140  1.66666666666666664E-002   2.3166666666666633     
         141  1.66666666666666664E-002   2.3333333333333299     
         142  1.66666666666666664E-002   2.3499999999999965     
         143  1.66666666666666664E-002   2.3666666666666631     
         144  1.66666666666666664E-002   2.3833333333333298     
         145  1.66666666666666664E-002   2.3999999999999964     
         146  1.66666666666666664E-002   2.4166666666666630     
         147  1.66666666666666664E-002   2.4333333333333296     
         148  1.66666666666666664E-002   2.4499999999999962     
         149  1.66666666666666664E-002   2.4666666666666628     
         150  1.66666666666666664E-002   2.4833333333333294     
         151  1.66666666666666664E-002   2.4999999999999960     
         152  1.66666666666666664E-002   2.5166666666666626     
         153  1.66666666666666664E-002   2.5333333333333292     
         154  1.66666666666666664E-002   2.5499999999999958     
         155  1.66666666666666664E-002   2.5666666666666624     
         156  1.66666666666666664E-002   2.5833333333333290     
         157  1.66666666666666664E-002   2.5999999999999956     
         158  1.66666666666666664E-002   2.6166666666666623     
         159  1.66666666666666664E-002   2.6333333333333289     
         160  1.66666666666666664E-002   2.6499999999999955     
         161  1.66666666666666664E-002   2.6666666666666621     
         162  1.66666666666666664E-002   2.6833333333333287     
         163  1.66666666666666664E-002   2.6999999999999953     
         164  1.66666666666666664E-002   2.7166666666666619     
         165  1.66666666666666664E-002   2.7333333333333285     
         166  1.66666666666666664E-002   2.7499999999999951     
         167  1.66666666666666664E-002   2.7666666666666617     
         168  1.66666666666666664E-002   2.7833333333333283     
         169  1.66666666666666664E-002   2.7999999999999949     
         170  1.66666666666666664E-002   2.8166666666666615     
         171  1.66666666666666664E-002   2.8333333333333282     
         172  1.66666666666666664E-002   2.8499999999999948     
         173  1.66666666666666664E-002   2.8666666666666614     
         174  1.66666666666666664E-002   2.8833333333333280     
         175  1.66666666666666664E-002   2.8999999999999946     
         176  1.66666666666666664E-002   2.9166666666666612     
         177  1.66666666666666664E-002   2.9333333333333278     
         178  1.66666666666666664E-002   2.9499999999999944     
         179  1.66666666666666664E-002   2.9666666666666610     
         180  1.66666666666666664E-002   2.9833333333333276     
         181  1.66666666666666664E-002   2.9999999999999942     
         182  1.66666666666666664E-002   3.0166666666666608     
         183  1.66666666666666664E-002   3.0333333333333274     
         184  1.66666666666666664E-002   3.0499999999999940     
         185  1.66666666666666664E-002   3.0666666666666607     
         186  1.66666666666666664E-002   3.0833333333333273     
         187  1.66666666666666664E-002   3.0999999999999939     
         188  1.66666666666666664E-002   3.1166666666666605     
         189  1.66666666666666664E-002   3.1333333333333271     
         190  1.66666666666666664E-002   3.1499999999999937     
         191  1.66666666666666664E-002   3.1666666666666603     
         192  1.66666666666666664E-002   3.1833333333333269     
         193  1.66666666666666664E-002   3.1999999999999935     
         194  1.66666666666666664E-002   3.2166666666666601     
         195  1.66666666666666664E-002   3.2333333333333267     
         196  1.66666666666666664E-002   3.2499999999999933     
         197  1.66666666666666664E-002   3.2666666666666599     
         198  1.66666666666666664E-002   3.2833333333333266     
         199  1.66666666666666664E-002   3.2999999999999932     
         200  1.66666666666666664E-002   3.3166666666666598     
         201  1.66666666666666664E-002   3.3333333333333264     
         202  1.66666666666666664E-002   3.3499999999999930     
         203  1.66666666666666664E-002   3.3666666666666596     
         204  1.66666666666666664E-002   3.3833333333333262     
         205  1.66666666666666664E-002   3.3999999999999928     
         206  1.66666666666666664E-002   3.4166666666666594     
         207  1.66666666666666664E-002   3.4333333333333260     
         208  1.66666666666666664E-002   3.4499999999999926     
         209  1.66666666666666664E-002   3.4666666666666592     
         210  1.66666666666666664E-002   3.4833333333333258     
         211  1.66666666666666664E-002   3.4999999999999925     
         212  1.66666666666666664E-002   3.5166666666666591     
         213  1.66666666666666664E-002   3.5333333333333257     
         214  1.66666666666666664E-002   3.5499999999999923     
         215  1.66666666666666664E-002   3.5666666666666589     
         216  1.66666666666666664E-002   3.5833333333333255     
         217  1.66666666666666664E-002   3.5999999999999921     
         218  1.66666666666666664E-002   3.6166666666666587     
         219  1.66666666666666664E-002   3.6333333333333253     
         220  1.66666666666666664E-002   3.6499999999999919     
         221  1.66666666666666664E-002   3.6666666666666585     
         222  1.66666666666666664E-002   3.6833333333333251     
         223  1.66666666666666664E-002   3.6999999999999917     
         224  1.66666666666666664E-002   3.7166666666666583     
         225  1.66666666666666664E-002   3.7333333333333250     
         226  1.66666666666666664E-002   3.7499999999999916     
         227  1.66666666666666664E-002   3.7666666666666582     
         228  1.66666666666666664E-002   3.7833333333333248     
         229  1.66666666666666664E-002   3.7999999999999914     
         230  1.66666666666666664E-002   3.8166666666666580     
         231  1.66666666666666664E-002   3.8333333333333246     
         232  1.66666666666666664E-002   3.8499999999999912     
         233  1.66666666666666664E-002   3.8666666666666578     
         234  1.66666666666666664E-002   3.8833333333333244     
         235  1.66666666666666664E-002   3.8999999999999910     
         236  1.66666666666666664E-002   3.9166666666666576     
         237  1.66666666666666664E-002   3.9333333333333242     
         238  1.66666666666666664E-002   3.9499999999999909     
         239  1.66666666666666664E-002   3.9666666666666575     
         240  1.66666666666666664E-002   3.9833333333333241     
         241  1.66666666666666664E-002   3.9999999999999907     
         242  1.66666666666666664E-002   4.0166666666666577     
         243  1.66666666666666664E-002   4.0333333333333243     
         244  1.66666666666666664E-002   4.0499999999999909     
         245  1.66666666666666664E-002   4.0666666666666575     
         246  1.66666666666666664E-002   4.0833333333333242     
         247  1.66666666666666664E-002   4.0999999999999908     
         248  1.66666666666666664E-002   4.1166666666666574     
         249  1.66666666666666664E-002   4.1333333333333240     
         250  1.66666666666666664E-002   4.1499999999999906     
         251  1.66666666666666664E-002   4.1666666666666572     
         252  1.66666666666666664E-002   4.1833333333333238     
         253  1.66666666666666664E-002   4.1999999999999904     
         254  1.66666666666666664E-002   4.2166666666666570     
         255  1.66666666666666664E-002   4.2333333333333236     
         256  1.66666666666666664E-002   4.2499999999999902     
         257  1.66666666666666664E-002   4.2666666666666568     
         258  1.66666666666666664E-002   4.2833333333333234     
         259  1.66666666666666664E-002   4.2999999999999901     
         260  1.66666666666666664E-002   4.3166666666666567     
         261  1.66666666666666664E-002   4.3333333333333233     
         262  1.66666666666666664E-002   4.3499999999999899     
         263  1.66666666666666664E-002   4.3666666666666565     
         264  1.66666666666666664E-002   4.3833333333333231     
         265  1.66666666666666664E-002   4.3999999999999897     
         266  1.66666666666666664E-002   4.4166666666666563     
         267  1.66666666666666664E-002   4.4333333333333229     
         268  1.66666666666666664E-002   4.4499999999999895     
         269  1.66666666666666664E-002   4.4666666666666561     
         270  1.66666666666666664E-002   4.4833333333333227     
         271  1.66666666666666664E-002   4.4999999999999893     
         272  1.66666666666666664E-002   4.5166666666666559     
         273  1.66666666666666664E-002   4.5333333333333226     
         274  1.66666666666666664E-002   4.5499999999999892     
         275  1.66666666666666664E-002   4.5666666666666558     
         276  1.66666666666666664E-002   4.5833333333333224     
         277  1.66666666666666664E-002   4.5999999999999890     
         278  1.66666666666666664E-002   4.6166666666666556     
         279  1.66666666666666664E-002   4.6333333333333222     
         280  1.66666666666666664E-002   4.6499999999999888     
         281  1.66666666666666664E-002   4.6666666666666554     
         282  1.66666666666666664E-002   4.6833333333333220     
         283  1.66666666666666664E-002   4.6999999999999886     
         284  1.66666666666666664E-002   4.7166666666666552     
         285  1.66666666666666664E-002   4.7333333333333218     
         286  1.66666666666666664E-002   4.7499999999999885     
         287  1.66666666666666664E-002   4.7666666666666551     
         288  1.66666666666666664E-002   4.7833333333333217     
         289  1.66666666666666664E-002   4.7999999999999883     
         290  1.66666666666666664E-002   4.8166666666666549     
         291  1.66666666666666664E-002   4.8333333333333215     
         292  1.66666666666666664E-002   4.8499999999999881     
         293  1.66666666666666664E-002   4.8666666666666547     
         294  1.66666666666666664E-002   4.8833333333333213     
         295  1.66666666666666664E-002   4.8999999999999879     
         296  1.66666666666666664E-002   4.9166666666666545     
         297  1.66666666666666664E-002   4.9333333333333211     
         298  1.66666666666666664E-002   4.9499999999999877     
         299  1.66666666666666664E-002   4.9666666666666544     
         300  1.66666666666666664E-002   4.9833333333333210     
         301  1.66666666666666664E-002   4.9999999999999876     
