   0.0000000000000000       0.75204270659940009     
  1.25000000000000007E-002  0.62848511511233052     
  2.50000000000000014E-002  0.50964501480603985     
  3.75000000000000056E-002  0.39927228874705861     
  5.00000000000000028E-002  0.30091614943434630     
  6.25000000000000000E-002  0.21730898179117045     
  7.49999999999999972E-002  0.14985173188091230     
  8.74999999999999944E-002  9.83915856454568444E-002
  9.99999999999999917E-002  6.13763357283296507E-002
  0.11249999999999999       3.63140473553972554E-002
  0.12499999999999999       2.03545886499013305E-002
  0.13749999999999998       1.07991030037663891E-002
  0.14999999999999999       5.41953374256415668E-003
  0.16250000000000001       2.57128269135577237E-003
  0.17500000000000002       1.15286243811431733E-003
  0.18750000000000003       4.88575321278489263E-004
  0.20000000000000004       1.96627273834429280E-004
  0.21250000000000005       7.83085945985211322E-005
  0.22500000000000006       4.05744298456063286E-005
  0.23750000000000007       5.10461731126398292E-005
  0.25000000000000006       1.20608274279294556E-004
  0.26250000000000007       3.11112970414703671E-004
  0.27500000000000008       7.70639658113327661E-004
  0.28750000000000009       1.80273931102330350E-003
  0.30000000000000010       3.97498102061876260E-003
  0.31250000000000011       8.26117411947660876E-003
  0.32500000000000012       1.61878841321835935E-002
  0.33750000000000013       2.99232935613514134E-002
  0.35000000000000014       5.22215093775448488E-002
  0.36250000000000016       8.61453989536039577E-002
  0.37500000000000017       0.13455786639670914     
  0.38750000000000018       0.19948441876276249     
  0.40000000000000019       0.28155162153187685     
  0.41250000000000020       0.37972070220412996     
  0.42500000000000021       0.49143110482730601     
  0.43750000000000022       0.61309869320905885     
  0.45000000000000023       0.74077777168079006     
  0.46250000000000024       0.87077229626221342     
  0.47500000000000026        1.0000000000000000     
  0.48750000000000027        1.0000000000000000     
  0.50000000000000022        1.0000000000000000     
  0.51250000000000018        1.0000000000000000     
  0.52500000000000013        1.0000000000000000     
  0.53750000000000009        1.0000000000000000     
  0.55000000000000004        1.0000000000000000     
  0.56250000000000000        1.0000000000000000     
  0.57499999999999996        1.0000000000000000     
  0.58749999999999991        1.0000000000000000     
  0.59999999999999987        1.0000000000000000     
  0.61249999999999982        1.0000000000000000     
  0.62499999999999978        1.0000000000000000     
  0.63749999999999973        1.0000000000000000     
  0.64999999999999969        1.0000000000000000     
  0.66249999999999964        1.0000000000000000     
  0.67499999999999960        1.0000000000000000     
  0.68749999999999956        1.0000000000000000     
  0.69999999999999951        1.0000000000000000     
  0.71249999999999947        1.0000000000000000     
  0.72499999999999942        1.0000000000000000     
  0.73749999999999938        1.0000000000000000     
  0.74999999999999933        1.0000000000000000     
  0.76249999999999929        1.0000000000000000     
  0.77499999999999925        1.0000000000000000     
  0.78749999999999920        1.0000000000000000     
  0.79999999999999916        1.0000000000000000     
  0.81249999999999911        1.0000000000000000     
  0.82499999999999907        1.0000000000000000     
  0.83749999999999902        1.0000000000000000     
  0.84999999999999898        1.0000000000000000     
  0.86249999999999893        1.0000000000000000     
  0.87499999999999889        1.0000000000000000     
  0.88749999999999885        1.0000000000000000     
  0.89999999999999880        1.0000000000000000     
  0.91249999999999876        1.0000000000000000     
  0.92499999999999871        1.0000000000000000     
  0.93749999999999867        1.0000000000000000     
  0.94999999999999862        1.0000000000000000     
  0.96249999999999858        1.0000000000000000     
  0.97499999999999853        1.0000000000000000     
  0.98749999999999849       9.11628753195267325E-006
  0.99999999999999845       0.99437482158371826     
