   0.0000000000000000       0.46610569119451750     
  1.00000000000000002E-002  0.55863878119461785     
  2.00000000000000004E-002  0.64610782970657643     
  2.99999999999999989E-002  0.72795507594852860     
  4.00000000000000008E-002  0.80365190083823734     
  5.00000000000000028E-002  0.87273769942430379     
  6.00000000000000047E-002  0.93485566735424985     
  7.00000000000000067E-002  0.98978202057629316     
  8.00000000000000017E-002   1.0374457150831946     
  8.99999999999999967E-002   1.0779367689356434     
  9.99999999999999917E-002   1.1115026342522707     
  0.10999999999999999        1.1385334749849210     
  0.11999999999999998        1.1595384237883675     
  0.12999999999999998        1.1751157221119073     
  0.13999999999999999        1.1859199943869150     
  0.14999999999999999        1.1926297798625030     
  0.16000000000000000        1.1959179408673786     
  0.17000000000000001        1.1964268293330393     
  0.18000000000000002        1.1947492778493973     
  0.19000000000000003        1.1914157175100095     
  0.20000000000000004        1.1868871014582560     
  0.21000000000000005        1.1815528744228372     
  0.22000000000000006        1.1757329796064546     
  0.23000000000000007        1.1696828122098295     
  0.24000000000000007        1.1636000753195843     
  0.25000000000000006        1.1576326258086747     
  0.26000000000000006        1.1518865752203729     
  0.27000000000000007        1.1464341007468590     
  0.28000000000000008        1.1413206010284280     
  0.29000000000000009        1.1365709862642301     
  0.30000000000000010        1.1321950153299432     
  0.31000000000000011        1.1281916832317540     
  0.32000000000000012        1.1245527230348189     
  0.33000000000000013        1.1212653221983984     
  0.34000000000000014        1.1183141696033319     
  0.35000000000000014        1.1156829519141866     
  0.36000000000000015        1.1133554110597110     
  0.37000000000000016        1.1113160624128997     
  0.38000000000000017        1.1095506586203134     
  0.39000000000000018        1.1080464690037539     
  0.40000000000000019        1.1067924303316119     
  0.41000000000000020        1.1057792122519121     
  0.42000000000000021        1.1049992300935878     
  0.43000000000000022        1.1044466290903598     
  0.44000000000000022        1.1041172571961380     
  0.45000000000000023        1.1040086382734231     
  0.46000000000000024        1.1041199532281654     
  0.47000000000000025        1.1044520332991947     
  0.48000000000000026        1.1050073668484874     
  0.49000000000000027        1.1057901183038990     
  0.50000000000000022        1.1068061550437553     
  0.51000000000000023        1.1080630746464739     
  0.52000000000000024        1.1095702207189260     
  0.53000000000000025        1.1113386701275962     
  0.54000000000000026        1.1133811675679148     
  0.55000000000000027        1.1157119747503275     
  0.56000000000000028        1.1183465908899617     
  0.57000000000000028        1.1213012886730354     
  0.58000000000000029        1.1245923957367761     
  0.59000000000000030        1.1282352366601842     
  0.60000000000000031        1.1322426358166537     
  0.61000000000000032        1.1366228692218443     
  0.62000000000000033        1.1413769466379220     
  0.63000000000000034        1.1464951075432657     
  0.64000000000000035        1.1519524309313791     
  0.65000000000000036        1.1577034947136957     
  0.66000000000000036        1.1636760813489926     
  0.67000000000000037        1.1697640170240782     
  0.68000000000000038        1.1758193550156915     
  0.69000000000000039        1.1816442687624702     
  0.70000000000000040        1.1869831999524705     
  0.71000000000000041        1.1915159972487004     
  0.72000000000000042        1.1948529587718568     
  0.73000000000000043        1.1965328235327513     
  0.74000000000000044        1.1960248035738501     
  0.75000000000000044        1.1927356665917102     
  0.76000000000000045        1.1860226299846468     
  0.77000000000000046        1.1752123887913475     
  0.78000000000000047        1.1596259768562263     
  0.79000000000000048        1.1386083967662872     
  0.80000000000000049        1.1115611385250643     
  0.81000000000000050        1.0779749692404774     
  0.82000000000000051        1.0374598691599475     
  0.83000000000000052       0.98976885785703261     
  0.84000000000000052       0.93481279491346536     
  0.85000000000000053       0.87266406346169001     
  0.86000000000000054       0.80354825820312781     
  0.87000000000000055       0.72782441009759935     
  0.88000000000000056       0.64595563736532302     
  0.89000000000000057       0.55847316813774406     
  0.90000000000000058       0.46593724968673084     
  0.91000000000000059       0.36889846607595100     
  0.92000000000000060       0.26786247235253297     
  0.93000000000000060       0.16326025634850191     
  0.94000000000000061       5.54249443894002242E-002
  0.95000000000000062      -5.54244612779237547E-002
  0.96000000000000063      -5.60990801473206097E-002
  0.97000000000000064       5.60990631542284054E-002
  0.98000000000000065       0.16521768662810832     
  0.99000000000000066       0.27102498252144752     
   1.0000000000000007       0.37316784869499264     
